,date,pairA,pairB,npiA,npiB,spread
0,2017-01-01 00:00:00,0.0588654075,0.008410724999999999,-1.0490181692916467,-0.9768350142712433,-0.0721831550204034
1,2017-01-01 02:00:00,0.0618974034993324,0.0084047529580875,-1.0480185617762499,-0.9768980167967148,-0.07112054497953502
2,2017-01-01 04:00:00,0.05947107000924901,0.0084393750013125,-1.0488184906653646,-0.9765327688309234,-0.07228572183444115
3,2017-01-01 06:00:00,0.059674548,0.008477928000000001,-1.0487514067612904,-0.9761260509415646,-0.07262535581972585
4,2017-01-01 08:00:00,0.0594311116692366,0.0085011742608282,-1.0488316643822784,-0.9758808126861392,-0.07295085169613913
5,2017-01-01 10:00:00,0.0634308564246254,0.0086049233711698,-1.0475130033688613,-0.9747863032934189,-0.07272670007544246
6,2017-01-01 12:00:00,0.0622732499993613,0.008774999999909999,-1.0478946503376636,-0.972992066532974,-0.07490258380468962
7,2017-01-01 14:00:00,0.06679791519959159,0.0087340575136376,-1.046402930249708,-0.9734239925093888,-0.07297893774031916
8,2017-01-01 16:00:00,0.06264049245678,0.0087298972027068,-1.0477735755339734,-0.9734678820364933,-0.07430569349748017
9,2017-01-01 18:00:00,0.0644706530767431,0.0087773660104482,-1.0471701966672133,-0.9729671061188673,-0.07420309054834606
10,2017-01-01 20:00:00,0.06342829997225799,0.0086717199962072,-1.0475138461961604,-0.9740816270483433,-0.07343221914781706
11,2017-01-01 22:00:00,0.0630199341870492,0.0089742944655836,-1.0476484787972642,-0.9708895939057027,-0.07675888489156146
12,2017-01-02 00:00:00,0.06298370647559519,0.008399825110367201,-1.0476604225770854,-0.9769500035134974,-0.07071041906358799
13,2017-01-02 02:00:00,0.06449770990067481,0.008671279986646399,-1.0471612764032845,-0.9740862689637834,-0.07307500743950113
14,2017-01-02 04:00:00,0.06394185252460459,0.0087474808564052,-1.0473445349599353,-0.9732823818999824,-0.0740621530599529
15,2017-01-02 06:00:00,0.0642025292473354,0.008864656474398,-1.0472585934180638,-0.9720462285096674,-0.07521236490839645
16,2017-01-02 08:00:00,0.0642586860592004,0.0095760841468956,-1.0472400792870449,-0.9645409663707823,-0.08269911291626253
17,2017-01-02 10:00:00,0.0651105,0.009642555,-1.0469592479082663,-0.9638397268823149,-0.08311952102595144
18,2017-01-02 12:00:00,0.064693920430572,0.0090937680605238,-1.0470965884814243,-0.9696291978269937,-0.07746739065443053
19,2017-01-02 14:00:00,0.06539107999999999,0.00876884,-1.046866744528733,-0.9730570519361109,-0.07380969259262204
20,2017-01-02 16:00:00,0.0651786899770968,0.0086980049969436,-1.0469367666076328,-0.9738043313674557,-0.0731324352401771
21,2017-01-02 18:00:00,0.06448905367948421,0.0085654275949645,-1.047164130240743,-0.9752029670882906,-0.07196116315245249
22,2017-01-02 20:00:00,0.06545412,0.00859365,-1.0468459611049472,-0.9749052326084979,-0.07194072849644928
23,2017-01-02 22:00:00,0.06535866004874641,0.0087226400065056,-1.0468774329422166,-0.9735444423981278,-0.07333299054408882
24,2017-01-03 00:00:00,0.065697937721135,0.0086931972086375,-1.0467655777447822,-0.9738550515080133,-0.07291052623676886
25,2017-01-03 02:00:00,0.0656422341221326,0.008788617315130498,-1.0467839424577334,-0.9728484095959322,-0.07393553286180121
26,2017-01-03 04:00:00,0.0655110353289295,0.0085048696076145,-1.0468271969012506,-0.9758418283348167,-0.07098536856643389
27,2017-01-03 06:00:00,0.0653286062886851,0.0085118040376134,-1.0468873412549025,-0.975768673020598,-0.07111866823430446
28,2017-01-03 08:00:00,0.06449602092832,0.00844687208766,-1.0471618332343158,-0.9764536777293386,-0.07070815550497722
29,2017-01-03 10:00:00,0.0649101884,0.008010454,-1.047025287896718,-0.9810577046412243,-0.06596758325549357
30,2017-01-03 12:00:00,0.0647753352006361,0.0077494152000761,-1.0470697471478478,-0.9838115539748759,-0.06325819317297199
31,2017-01-03 14:00:00,0.0637717705606008,0.0077474963915417,-1.0474006086518166,-0.9838317965963,-0.06356881205551657
32,2017-01-03 16:00:00,0.0638928,0.0078846,-1.0473607069048372,-0.9823854113045188,-0.06497529560031834
33,2017-01-03 18:00:00,0.0640995119987472,0.0079510409998446,-1.0472925567926616,-0.9816844867553617,-0.06560807003729996
34,2017-01-03 20:00:00,0.0638665334987574,0.007956332999845201,-1.0473693666102097,-0.9816286583854811,-0.06574070822472866
35,2017-01-03 22:00:00,0.06558620400000001,0.007892330999999999,-1.0468024148208845,-0.9823038525124747,-0.06449856230840989
36,2017-01-04 00:00:00,0.06388510064886249,0.0079373978112301,-1.047363245275357,-0.9818284166458067,-0.06553482862955029
37,2017-01-04 02:00:00,0.06437882444597119,0.0079948246415444,-1.0472004713079015,-0.981222587786492,-0.06597788352140954
38,2017-01-04 04:00:00,0.0634556803357895,0.0082243642403517,-1.0475048192656613,-0.9788010417503993,-0.06870377751526202
39,2017-01-04 06:00:00,0.0633566083150514,0.0080651078409738,-1.047537481952722,-0.980481129650874,-0.06705635230184792
40,2017-01-04 08:00:00,0.0624859130997192,0.0081031766136804,-1.0478245382288707,-0.9800795201415535,-0.06774501808731714
41,2017-01-04 10:00:00,0.0637307999935089,0.0083915999991453,-1.047414116086122,-0.9770367749707068,-0.07037734111541505
42,2017-01-04 12:00:00,0.06363365209072559,0.009193716504336001,-1.0474461444178704,-0.9685747838645025,-0.07887136055336796
43,2017-01-04 14:00:00,0.06349466000000001,0.0091094425,-1.0474919682047426,-0.9694638390959565,-0.07802812910878609
44,2017-01-04 16:00:00,0.0627826345283294,0.0088703524004704,-1.047726713241607,-0.9719861388899496,-0.07574057435165749
45,2017-01-04 18:00:00,0.0622384,0.008579199999999999,-1.047906139904695,-0.9750576740190577,-0.0728484658856372
46,2017-01-04 20:00:00,0.06176895,0.00859575,-1.0480609111340127,-0.9748830784934683,-0.07317783264054434
47,2017-01-04 22:00:00,0.06342288,0.008679039999999999,-1.0475156330867117,-0.9740044040930853,-0.07351122899362639
48,2017-01-05 00:00:00,0.06303262830055831,0.0086256364000764,-1.0476442937220636,-0.9745677895672259,-0.07307650415483768
49,2017-01-05 02:00:00,0.0654544779312391,0.0093750199574728,-1.0468458430999246,-0.9666621088378203,-0.08018373426210423
50,2017-01-05 04:00:00,0.06587185,0.0092516,-1.0467082412506008,-0.9679641373781938,-0.07874410387240705
51,2017-01-05 06:00:00,0.062147286131764005,0.008668514449375199,-1.047936178897974,-0.9741154442165568,-0.07382073468141714
52,2017-01-05 08:00:00,0.0564549700005291,0.0079491500000745,-1.0498128574905743,-0.9817044360060415,-0.06810842148453278
53,2017-01-05 10:00:00,0.0589775251958328,0.0081220664198064,-1.0489812056243502,-0.9798802406473632,-0.06910096497698692
54,2017-01-05 12:00:00,0.052208337450184994,0.007571625069629001,-1.0512129140254076,-0.985687164927747,-0.06552574909766062
55,2017-01-05 14:00:00,0.052933999999468,0.0074624999999250005,-1.0509736730310049,-0.9868383884262332,-0.06413528460477169
56,2017-01-05 16:00:00,0.0526469484279684,0.0072192752038352,-1.051068309998943,-0.9894043075265153,-0.06166400247242776
57,2017-01-05 18:00:00,0.0526943999989022,0.0071807999998504,-1.051052665866519,-0.9898102047145445,-0.0612424611519744
58,2017-01-05 20:00:00,0.05415915317000001,0.0075853696349999986,-1.0505697568262848,-0.9855421655552427,-0.06502759127104218
59,2017-01-05 22:00:00,0.056442188,0.007850567999999999,-1.0498170715409205,-0.9827444345629393,-0.06707263697798127
60,2017-01-06 00:00:00,0.0567877930989596,0.01105407404156,-1.0497031302776882,-0.9489487958285032,-0.10075433444918502
61,2017-01-06 02:00:00,0.0541740133659768,0.00881834183928,-1.0505648576233895,-0.9725348283925017,-0.07803002923088775
62,2017-01-06 04:00:00,0.0541755628356057,0.008328672166805001,-1.0505643467844947,-0.9777006370831937,-0.07286370970130107
63,2017-01-06 06:00:00,0.054356249999442496,0.0085312499999125,-1.050504776703615,-0.9755635263131536,-0.07494125039046151
64,2017-01-06 08:00:00,0.0510724199983578,0.008471639999727599,-1.0515874104370015,-0.9761923866945836,-0.07539502374241791
65,2017-01-06 10:00:00,0.050413935597740406,0.0097989911995608,-1.0518045037167332,-0.9621893909014374,-0.08961511281529577
66,2017-01-06 12:00:00,0.0514628125240842,0.008825551665092201,-1.0514587033731542,-0.9724587677685084,-0.0789999356046458
67,2017-01-06 14:00:00,0.0520711498635039,0.0093868827294749,-1.051258142892034,-0.9665369615923427,-0.0847211812996913
68,2017-01-06 16:00:00,0.0510020040599628,0.0096561610113527,-1.0516106256065594,-0.9636961891963148,-0.08791443641024455
69,2017-01-06 18:00:00,0.049878179885241,0.009408959978352,-1.0519811350304782,-0.9663040559203628,-0.08567707911011535
70,2017-01-06 20:00:00,0.051019087128,0.00941615432608,-1.051604993553219,-0.9662281585836353,-0.0853768349695837
71,2017-01-06 22:00:00,0.05108992,0.00915712,-1.0515816409263674,-0.9689608615629481,-0.08262077936341927
72,2017-01-07 00:00:00,0.050229412452828,0.009171951283376,-1.0518653384679861,-0.9688043977734497,-0.0830609406945364
73,2017-01-07 02:00:00,0.0482633537376879,0.008042496022943999,-1.0525135210737016,-0.9807196748021394,-0.07179384627156216
74,2017-01-07 04:00:00,0.04720067904096,0.008286064675968001,-1.0528638703530229,-0.9781501281561079,-0.07471374219691496
75,2017-01-07 06:00:00,0.050059713,0.008431286,-1.0519212860511766,-0.9766181043859476,-0.07530318166522898
76,2017-01-07 08:00:00,0.0536580396587535,0.008686390231704,-1.050734967081186,-0.9739268622461026,-0.07680810483508349
77,2017-01-07 10:00:00,0.0540329275987704,0.008920530499796998,-1.0506113716666952,-0.9714567810878345,-0.07915459057886065
78,2017-01-07 12:00:00,0.0537244230569488,0.0088519217259738,-1.05071308138485,-0.9721805747389345,-0.07853250664591549
79,2017-01-07 14:00:00,0.05338872,0.00954261,-1.0508237580805784,-0.9648941045140389,-0.08592965356653948
80,2017-01-07 16:00:00,0.0552455400556738,0.0095085900095823,-1.0502115899633382,-0.9652530010764269,-0.08495858888691132
81,2017-01-07 18:00:00,0.0542823399993894,0.0094678499998935,-1.0505291438174016,-0.9656827910102114,-0.08484635280719022
82,2017-01-07 20:00:00,0.05486787906554429,0.0093507606450279,-1.0503360996144357,-0.9669180343608869,-0.08341806525354889
83,2017-01-07 22:00:00,0.0551481092275285,0.009489212411909,-1.0502437115717,-0.9654574265658789,-0.0847862850058212
84,2017-01-08 00:00:00,0.0548148435436442,0.0092154581512756,-1.050353584698943,-0.9683454186515357,-0.08200816604740724
85,2017-01-08 02:00:00,0.05604837998844989,0.0094228399980582,-1.0499469046436214,-0.9661576275617046,-0.08378927708191675
86,2017-01-08 04:00:00,0.0579606499993801,0.0095089499998983,-1.0493164554362955,-0.9652492033302983,-0.08406725210599719
87,2017-01-08 06:00:00,0.056162319907802204,0.0093759199846082,-1.0499093402142112,-0.9666526139308264,-0.08325672628338487
88,2017-01-08 08:00:00,0.0566449739135422,0.0092190959859288,-1.0497502158052145,-0.9683070410289808,-0.08144317477623375
89,2017-01-08 10:00:00,0.05503008,0.00908352,-1.0502826241899554,-0.9697373105468381,-0.08054531364311734
90,2017-01-08 12:00:00,0.055259470001202605,0.009235950000201,-1.0502069974512627,-0.9681292382809358,-0.08207775917032689
91,2017-01-08 14:00:00,0.05494483711756711,0.0091042051863411,-1.0503107275997003,-0.9695190905479777,-0.08079163705172265
92,2017-01-08 16:00:00,0.0550555500006017,0.0090859500000993,-1.0502742270799248,-0.9697116750698278,-0.08056255201009699
93,2017-01-08 18:00:00,0.0546313514981949,0.0090159434997021,-1.050414079510838,-0.9704502141472612,-0.07996386536357691
94,2017-01-08 20:00:00,0.0548437515109484,0.008968963185436801,-1.0503440541384215,-0.9709458366645726,-0.0793982174738489
95,2017-01-08 22:00:00,0.05819348,0.00904092,-1.0492396945769538,-0.9701867225945787,-0.07905297198237504
96,2017-01-09 00:00:00,0.05752403997065099,0.0088993799954595,-1.0494603997772878,-0.9716799099954652,-0.07778048978182261
97,2017-01-09 02:00:00,0.0580725,0.0087576,-1.0492795800244408,-0.9731756291994115,-0.0761039508250293
98,2017-01-09 04:00:00,0.05716479999808601,0.0086553599997102,-1.0495788362714276,-0.9742542181170463,-0.0753246181543813
99,2017-01-09 06:00:00,0.052064999999415,0.0086863999999024,-1.0512601704179156,-0.973926759195726,-0.07733341122218962
100,2017-01-09 08:00:00,0.0728586664,0.008956579000000001,-1.0444047836656711,-0.971076484602055,-0.07332829906361615
101,2017-01-09 10:00:00,0.06987978,0.00886974,-1.0453868816742469,-0.9719925994568379,-0.07339428221740896
102,2017-01-09 12:00:00,0.0737294659534186,0.008905881670215101,-1.0441176929906857,-0.9716113200666939,-0.07250637292399176
103,2017-01-09 14:00:00,0.0695253716343108,0.0089384614646496,-1.0455037252538362,-0.971267616965009,-0.07423610828882721
104,2017-01-09 16:00:00,0.06999100951439999,0.00906293841148,-1.045350210828193,-0.9699544376323435,-0.07539577319584945
105,2017-01-09 18:00:00,0.06473454010137401,0.0084930000133,-1.0470831967328154,-0.975967047552815,-0.07111614918000031
106,2017-01-09 20:00:00,0.063698414587767,0.009522899517771,-1.0474247931104241,-0.965102041795271,-0.0823227513151531
107,2017-01-09 22:00:00,0.06177798,0.00934472,-1.0480579340668048,-0.9669817606203157,-0.0810761734464891
108,2017-01-10 00:00:00,0.06410707,0.00943796,-1.047290065023261,-0.9659981179130074,-0.08129194711025367
109,2017-01-10 02:00:00,0.0647297213629656,0.0094158931946128,-1.0470847854048084,-0.9662309134105697,-0.08085387199423877
110,2017-01-10 04:00:00,0.065763,0.009323999999999999,-1.046744127603378,-0.9672003478886064,-0.07954377971477156
111,2017-01-10 06:00:00,0.0566005328261997,0.0092031183899629,-1.0497648674224693,-0.9684755979332298,-0.08128926948923954
112,2017-01-10 08:00:00,0.0607612566313302,0.0087596111045167,-1.0483931338232115,-0.973154412894269,-0.07523872092894257
113,2017-01-10 10:00:00,0.05984995055028,0.008850538141980798,-1.0486935789450538,-0.9721951709669984,-0.0764984079780554
114,2017-01-10 12:00:00,0.0602411249874125,0.0088747679981456,-1.048564614095735,-0.9719395561952734,-0.07662505790046159
115,2017-01-10 14:00:00,0.062071047830314585,0.0086861425462238,-1.0479613136208121,-0.9739294752235405,-0.07403183839727168
116,2017-01-10 16:00:00,0.06171665187795641,0.008896910179705399,-1.0480781531078964,-0.9717059655108548,-0.07637218759704167
117,2017-01-10 18:00:00,0.06172693800136241,0.0090977460002008,-1.0480747619140216,-0.969587232239763,-0.07848752967425865
118,2017-01-10 20:00:00,0.061393450775857714,0.0091574839665668,-1.0481847080804998,-0.9689570218690491,-0.07922768621145071
119,2017-01-10 22:00:00,0.061065972,0.008916793000000001,-1.048292673343499,-0.9714962101356561,-0.07679646320784284
120,2017-01-11 00:00:00,0.0612521000006731,0.008736000000096,-1.0482313094933027,-0.9734035000958446,-0.07482780939745803
121,2017-01-11 02:00:00,0.06097294,0.0099626,-1.0483233447185247,-0.9604633870039311,-0.08785995771459365
122,2017-01-11 04:00:00,0.061439910587048,0.009495510090727998,-1.048169390917667,-0.9653909887082719,-0.08277840220939514
123,2017-01-11 06:00:00,0.060656687766445685,0.0097065407306208,-1.048427608744431,-0.9631647043887827,-0.08526290435564843
124,2017-01-11 08:00:00,0.058867382237976024,0.008284460659780002,-1.0490175182476076,-0.9781670498509355,-0.07085046839667208
125,2017-01-11 10:00:00,0.05907156,0.00815304,-1.0489502036385379,-0.9795534824290377,-0.06939672120950013
126,2017-01-11 12:00:00,0.0571118400076989,0.0080947200010912,-1.0495962964542307,-0.9801687338406302,-0.0694275626136005
127,2017-01-11 14:00:00,0.053985250950732304,0.0077910259928898,-1.050627090003955,-0.9833725776460843,-0.06725451235787061
128,2017-01-11 16:00:00,0.050921130000663915,0.0076086400000992,-1.0516372886752092,-0.9852966730099162,-0.06634061566529303
129,2017-01-11 18:00:00,0.053264999999329994,0.009301499999883,-1.0508645468687239,-0.9674377134080135,-0.08342683346071034
130,2017-01-11 20:00:00,0.05292986883761901,0.0088595733013598,-1.0509750350184324,-0.9720998538430975,-0.07887518117533487
131,2017-01-11 22:00:00,0.05238137726767,0.0079901145623222,-1.0511558651697828,-0.9812722771373904,-0.06988358803239236
132,2017-01-12 00:00:00,0.052146130845588,0.0080456234425959,-1.0512334226901539,-0.9806866818427521,-0.07054674084740176
133,2017-01-12 02:00:00,0.052516468059237,0.007736313679056,-1.0511113275877606,-0.9839497695004665,-0.06716155808729407
134,2017-01-12 04:00:00,0.051984399943215985,0.0079360799913312,-1.0512867431514996,-0.9818423190903915,-0.06944442406110807
135,2017-01-12 06:00:00,0.0520740300006879,0.0078122400001031985,-1.051257193350288,-0.9831487788098742,-0.06810841454041394
136,2017-01-12 08:00:00,0.0545923347520831,0.0078523744403444,-1.0504269427971513,-0.9827253773785661,-0.06770156541858519
137,2017-01-12 10:00:00,0.054794049947237994,0.0078848099924076,-1.050360440062619,-0.9823831959731125,-0.06797724408950645
138,2017-01-12 12:00:00,0.054079200001392,0.0083061300002138,-1.0505961162898982,-0.9779384474411341,-0.07265766884876412
139,2017-01-12 14:00:00,0.055745249965749,0.0082780499949138,-1.0500468424565013,-0.9782346796637266,-0.07181216279277469
140,2017-01-12 16:00:00,0.0565434587039,0.0091438850361164,-1.0497836839781631,-0.9691004848545138,-0.0806831991236493
141,2017-01-12 18:00:00,0.0572890500006995,0.0103603500001265,-1.049537872748907,-0.9562672921202294,-0.09327058062867766
142,2017-01-12 20:00:00,0.056699119997943186,0.0102299899996289,-1.0497323645834753,-0.9576425351898796,-0.09208982939359567
143,2017-01-12 22:00:00,0.055101348335096,0.009829193263392998,-1.0502591279968907,-0.9618707718555964,-0.08838835614129426
144,2017-01-13 00:00:00,0.056584239999299714,0.009695999999879999,-1.0497702389441401,-0.9632759046560809,-0.0864943342880592
145,2017-01-13 02:00:00,0.0543089600006892,0.0098342400001248,-1.050520367567906,-0.9618175309098442,-0.08870283665806178
146,2017-01-13 04:00:00,0.0545193600027816,0.0097843200004992,-1.0504510015715862,-0.9623441658688807,-0.0881068357027055
147,2017-01-13 06:00:00,0.05414073616817599,0.0095400114776512,-1.0505758286593079,-0.9649215178297635,-0.08565431082954433
148,2017-01-13 08:00:00,0.05531867,0.00914617,-1.050187480023231,-0.969076379448459,-0.08111110057477189
149,2017-01-13 10:00:00,0.05568013036251901,0.0094708259121294,-1.0500683114969624,-0.9656513963902154,-0.08441691510674709
150,2017-01-13 12:00:00,0.055815460921532514,0.0095510933129265,-1.0500236948669002,-0.9648046091376556,-0.08521908572924453
151,2017-01-13 14:00:00,0.0556396548029568,0.0097630614941808,-1.0500816557340715,-0.9625684341518962,-0.08751322158217534
152,2017-01-13 16:00:00,0.0561201230729856,0.00946862405134,-1.0499232519321746,-0.9656746250936474,-0.08424862683852719
153,2017-01-13 18:00:00,0.055984916878272006,0.00952794946872,-1.0499678275610322,-0.9650487669408818,-0.08491906062015042
154,2017-01-13 20:00:00,0.05635542,0.00991484,-1.0498456777610197,-0.9609672348771727,-0.08887844288384694
155,2017-01-13 22:00:00,0.05615148,0.00994504,-1.0499129139832095,-0.9606486376038917,-0.08926427637931778
156,2017-01-14 00:00:00,0.0581549424006956,0.0101495256001214,-1.049252399895133,-0.9584914006958158,-0.09076099919931724
157,2017-01-14 02:00:00,0.056741336378325,0.009818255754,-1.0497184464216072,-0.9619861579704672,-0.08773228845114
158,2017-01-14 04:00:00,0.0571738099993053,0.0097690099998813,-1.0495758657975436,-0.9625056799235427,-0.08707018587400084
159,2017-01-14 06:00:00,0.05689098975,0.00952996275,-1.0496691077565614,-0.9650275276718038,-0.08464158008475764
160,2017-01-14 08:00:00,0.0575609000180856,0.009557625003003,-1.0494482475249625,-0.9647357025598977,-0.08471254496506475
161,2017-01-14 10:00:00,0.0570350441663167,0.009682518839883998,-1.0496216149903415,-0.963418125212882,-0.08620348977745951
162,2017-01-14 12:00:00,0.056664444787568005,0.009598715542192,-1.049743796524974,-0.9643022146876044,-0.08544158183736972
163,2017-01-14 14:00:00,0.057285201000000015,0.009446538,-1.049539141711672,-0.9659076236279012,-0.08363151808377078
164,2017-01-14 16:00:00,0.0578275199993016,0.0095633999998845,-1.0493603465722443,-0.9646747787764656,-0.08468556779577874
165,2017-01-14 18:00:00,0.057651,0.00952875,-1.0494185427961045,-0.9650403216732333,-0.08437822112287119
166,2017-01-14 20:00:00,0.057642529372472,0.009270833333959998,-1.0494213354458766,-0.9677612338101225,-0.0816601016357541
167,2017-01-14 22:00:00,0.0586294526618856,0.008992247340780002,-1.049095960367072,-0.9707001986379835,-0.07839576172908846
168,2017-01-15 00:00:00,0.057829672000805216,0.0096314536571232,-1.0493596370868503,-0.9639568413713978,-0.0854027957154525
169,2017-01-15 02:00:00,0.057911520000000015,0.00948192,-1.0493326529235687,-0.9655343584383904,-0.08379829448517828
170,2017-01-15 04:00:00,0.0576800383580512,0.0090470522396436,-1.0494089692475412,-0.9701220300505538,-0.07928693919698748
171,2017-01-15 06:00:00,0.0573850635426328,0.0086853943411482,-1.0495062184003798,-0.9739373684717835,-0.07556884992859636
172,2017-01-15 08:00:00,0.0587617809180325,0.0090579135463894,-1.0490523335551063,-0.9700074478414982,-0.07904488571360813
173,2017-01-15 10:00:00,0.058366946845202015,0.00893789998051,-1.0491825049361447,-0.9712735403860642,-0.07790896455008056
174,2017-01-15 12:00:00,0.0614175599247467,0.0089927298036234,-1.048176759624623,-0.9706951088583025,-0.07748165076632052
175,2017-01-15 14:00:00,0.063205546684741,0.0092061137540814,-1.0475872849013337,-0.9684439981040697,-0.07914328679726401
176,2017-01-15 16:00:00,0.0581739838832244,0.0101832916744454,-1.0492461221793827,-0.9581351828412124,-0.09111093933817038
177,2017-01-15 18:00:00,0.0594048016477035,0.0105146256084435,-1.0488403384356941,-0.9546397494664695,-0.09420058896922467
178,2017-01-15 20:00:00,0.0622900676127912,0.0105854000299602,-1.0478891058010682,-0.9538931091448386,-0.0939959966562296
179,2017-01-15 22:00:00,0.062319538761788,0.010282887635944,-1.0478793895672633,-0.9570844874185884,-0.09079490214867492
180,2017-01-16 00:00:00,0.06777074999999999,0.00989826,-1.0460821999525896,-0.9611421468901196,-0.08494005306246999
181,2017-01-16 02:00:00,0.07055619,0.009948,-1.0451638785701403,-0.9606174108512788,-0.08454646771886143
182,2017-01-16 04:00:00,0.07125901999999999,0.009912,-1.0449321651542252,-0.9609971956803554,-0.0839349694738698
183,2017-01-16 06:00:00,0.06631920000000001,0.00994788,-1.0465607560883146,-0.960618676800709,-0.08594207928760556
184,2017-01-16 08:00:00,0.06327303499999999,0.0099708,-1.0475650349289891,-0.9603768804595303,-0.08718815446945882
185,2017-01-16 10:00:00,0.06155524845000001,0.00978041775,-1.0481313656054168,-0.9623853329671821,-0.08574603263823466
186,2017-01-16 12:00:00,0.06361523224175339,0.009547648683838198,-1.0474522171895593,-0.9648409485229205,-0.08261126866663882
187,2017-01-16 14:00:00,0.0632894327007435,0.0095576576167593,-1.0475596288318498,-0.9647353584985128,-0.08282427033333706
188,2017-01-16 16:00:00,0.06285200000152001,0.0097337900002354,-1.047703844396026,-0.962877236077587,-0.08482660831843902
189,2017-01-16 18:00:00,0.06395437293688461,0.0098960189902338,-1.0473404071516486,-0.9611657885987589,-0.08617461855288966
190,2017-01-16 20:00:00,0.0628980033455028,0.009843322459383002,-1.047688677724174,-0.9617217147921505,-0.08596696293202355
191,2017-01-16 22:00:00,0.0633936300007647,0.0104288200001258,-1.0475252764104719,-0.9555449624744903,-0.0919803139359816
192,2017-01-17 00:00:00,0.0623333101537705,0.0097974900241695,-1.0478748493281187,-0.9622052276691985,-0.08566962165892023
193,2017-01-17 02:00:00,0.06326365562024999,0.0099450466635033,-1.0475681271819108,-0.96064856730674,-0.08691955987517086
194,2017-01-17 04:00:00,0.06435000000075,0.0093779400001093,-1.047209974332337,-0.9666313036185535,-0.08057867071378355
195,2017-01-17 06:00:00,0.06702960038085,0.009468800053800002,-1.0463265468216154,-0.9656727683418643,-0.08065377847975108
196,2017-01-17 08:00:00,0.0640552613825236,0.0090717144239302,-1.0473071456141996,-0.969861854399333,-0.07744529121486654
197,2017-01-17 10:00:00,0.06391562,0.00887984,-1.0473531834636762,-0.9718860487131248,-0.07546713475055145
198,2017-01-17 12:00:00,0.0605527999993119,0.0090991999998966,-1.0484618591170594,-0.9695718931557089,-0.07888996596135045
199,2017-01-17 14:00:00,0.0614100244476125,0.009090617792245001,-1.0481792439681306,-0.9696624318297662,-0.07851681213836437
200,2017-01-17 16:00:00,0.0633239999992964,0.0093239999998964,-1.0475482324673995,-0.9672003478896993,-0.08034788457770015
201,2017-01-17 18:00:00,0.06521861236439999,0.0094333417662,-1.0469236047438344,-0.9660468383334064,-0.08087676641042796
202,2017-01-17 20:00:00,0.0701983101687,0.009258597644100001,-1.0452818666443513,-0.9678903151818478,-0.07739155146250354
203,2017-01-17 22:00:00,0.06661926004870801,0.0093519720068376,-1.0464618304037738,-0.9669052550042802,-0.07955657539949368
204,2017-01-18 00:00:00,0.06672941579999997,0.00963572764152,-1.0464255135626963,-0.9639117526371308,-0.0825137609255655
205,2017-01-18 02:00:00,0.06373054500000001,0.0096795765,-1.0474142001539861,-0.9634491656587133,-0.08396503449527282
206,2017-01-18 04:00:00,0.063985370972144,0.0096966594492898,-1.0473301875243752,-0.9632689477427091,-0.08406123978166613
207,2017-01-18 06:00:00,0.0635816,0.00958189,-1.0474633052786015,-0.9644797170672019,-0.08298358821139962
208,2017-01-18 08:00:00,0.0648522505021837,0.0095598935003219,-1.0470443892273582,-0.9647117708691612,-0.08233261835819705
209,2017-01-18 10:00:00,0.0644523052593576,0.0095923999466268,-1.0471762456910754,-0.9643688415593336,-0.08280740413174181
210,2017-01-18 12:00:00,0.0631782900102018,0.0090774900014658,-1.047596271053268,-0.9698009244902448,-0.07779534656302323
211,2017-01-18 14:00:00,0.0641099219742855,0.008952875996409001,-1.0472891247664369,-0.9711155497294406,-0.07617357503699629
212,2017-01-18 16:00:00,0.06255748809495298,0.00916753140261,-1.0478009409341624,-0.9688510256529291,-0.0789499152812333
213,2017-01-18 18:00:00,0.06235147778735449,0.0093723016855521,-1.0478688597083856,-0.9666907854610644,-0.08117807424732126
214,2017-01-18 20:00:00,0.062586275,0.009433799999999999,-1.0477914502862076,-0.9660420041599227,-0.08174944612628487
215,2017-01-18 22:00:00,0.066376380024717,0.0094025820035013,-1.0465419046180455,-0.9663713408672665,-0.08017056375077902
216,2017-01-19 00:00:00,0.0664770729992513,0.009589319999892,-1.0465087075247397,-0.9644013336994512,-0.08210737382528843
217,2017-01-19 02:00:00,0.06635475980000001,0.010489775369999996,-1.0465490325097433,-0.9549019090097967,-0.09164712349994664
218,2017-01-19 04:00:00,0.066029763791096,0.0115418603284436,-1.046656179238514,-0.9438028560621144,-0.10285332317639961
219,2017-01-19 06:00:00,0.073134689769784,0.010567259966736,-1.0443137825446531,-0.9540844791673674,-0.09022930337728574
220,2017-01-19 08:00:00,0.07321478400788299,0.0105014241203732,-1.0442873765723626,-0.954779019602312,-0.08950835697005055
221,2017-01-19 10:00:00,0.07098661,0.01000536,-1.045021974996761,-0.9600122870236167,-0.08500968797314434
222,2017-01-19 12:00:00,0.07070217000000001,0.01002792,-1.0451157509653777,-0.9597742885307288,-0.08534146243464891
223,2017-01-19 14:00:00,0.0713639065664,0.0100266288725792,-1.0448975854911713,-0.9597879093809183,-0.085109676110253
224,2017-01-19 16:00:00,0.0723032100008007,0.0096530700001069,-1.0445879100257447,-0.963728798062361,-0.08085911196338369
225,2017-01-19 18:00:00,0.07261582500483299,0.0098624100006564,-1.0444848451445492,-0.9615203492754837,-0.08296449586906551
226,2017-01-19 20:00:00,0.0729537383983848,0.009891572999781,-1.0443734397311442,-0.961212691924431,-0.08316074780671312
227,2017-01-19 22:00:00,0.0715414688566092,0.0096594936558628,-1.0448390456382879,-0.9636610312011582,-0.08117801443712969
228,2017-01-20 00:00:00,0.07120512,0.00955136,-1.0449499352453109,-0.9648017957014161,-0.08014813954389477
229,2017-01-20 02:00:00,0.0699511900007781,0.0100418300001117,-1.045363338775949,-0.9596275438914266,-0.08573579488452232
230,2017-01-20 04:00:00,0.0684532789083738,0.0097969174306056,-1.0458571795282763,-0.9622112682899985,-0.0836459112382778
231,2017-01-20 06:00:00,0.0697608819992222,0.0097313649998915,-1.0454260807151325,-0.9629028188092849,-0.08252326190584769
232,2017-01-20 08:00:00,0.06730926000000001,0.00963732,-1.0462343468790307,-0.9638949539262097,-0.082339392952821
233,2017-01-20 10:00:00,0.0669905134437504,0.00958663497764,-1.046339433248935,-0.9644296595527025,-0.08190977369623254
234,2017-01-20 12:00:00,0.0680786457668856,0.0096256537063764,-1.0459806909391853,-0.964018028407593,-0.08196266253159235
235,2017-01-20 14:00:00,0.06758921999774639,0.0097262974996757,-1.0461420479057406,-0.9629562788010432,-0.08318576910469744
236,2017-01-20 16:00:00,0.0691055465,0.010282545160000002,-1.0456421358452426,-0.9570881003954732,-0.08855403544976936
237,2017-01-20 18:00:00,0.0686725408096112,0.0099477234593352,-1.045784891885296,-0.9606203282387542,-0.0851645636465419
238,2017-01-20 20:00:00,0.070011,0.009963,-1.0453436202391397,-0.9604591671724969,-0.08488445306664283
239,2017-01-20 22:00:00,0.07049915000000001,0.01017615,-1.04518268387618,-0.9582105244970059,-0.08697215937917402
240,2017-01-21 00:00:00,0.06824779621620351,0.0097573510250135,-1.0459249243549258,-0.9626286771951365,-0.08329624715978934
241,2017-01-21 02:00:00,0.06860128274734051,0.009548693930706,-1.0458083846915511,-0.9648299216089474,-0.0809784630826037
242,2017-01-21 04:00:00,0.0691349600007564,0.0096701200001058,-1.0456324386172724,-0.9635489277474906,-0.08208351086978183
243,2017-01-21 06:00:00,0.068792109828687,0.009601887760983,-1.0457454716188763,-0.9642687491161784,-0.08147672250269788
244,2017-01-21 08:00:00,0.0690766010811168,0.0096001027061616,-1.045651678753036,-0.9642875806922961,-0.08136409806073996
245,2017-01-21 10:00:00,0.06990801999924261,0.0096453499998955,-1.0453775713336382,-0.963810240811271,-0.0815673305223672
246,2017-01-21 12:00:00,0.06918971383867001,0.0101831262005,-1.0456143870275318,-0.9581369285216031,-0.0874774585059287
247,2017-01-21 14:00:00,0.06883554,0.009394199999999998,-1.0457311532867781,-0.966459767471907,-0.07927138581487114
248,2017-01-21 16:00:00,0.06878495,0.009864544,-1.0457478321162406,-0.961497836481707,-0.08424999563453361
249,2017-01-21 18:00:00,0.06935453700000001,0.009596979,-1.0455600470907993,-0.9643205344759258,-0.0812395126148735
250,2017-01-21 20:00:00,0.0696088075212589,0.0096722732947262,-1.0454762175857306,-0.963526211396675,-0.08195000618905557
251,2017-01-21 22:00:00,0.068317102798524,0.0096921418197906,-1.0459020749248578,-0.9633166068301309,-0.08258546809472689
252,2017-01-22 00:00:00,0.06823804,0.009386700000000001,-1.0459281408456604,-0.966538889311298,-0.07938925153436238
253,2017-01-22 02:00:00,0.0680190697426968,0.0096046745879448,-1.0460003323376337,-0.964239349266141,-0.08176098307149271
254,2017-01-22 04:00:00,0.06771912,0.00961824,-1.0460992216557947,-0.9640962398856204,-0.08200298177017429
255,2017-01-22 06:00:00,0.06548256006996,0.00950040001015,-1.046836584803766,-0.9653394021190529,-0.08149718268471307
256,2017-01-22 08:00:00,0.06601512,0.00948944,-1.046661007095687,-0.9654550256074278,-0.0812059814882592
257,2017-01-22 10:00:00,0.0668746481854325,0.009506918627058,-1.0463776324362075,-0.9652706334577134,-0.08110699897849416
258,2017-01-22 12:00:00,0.0650207699363383,0.0093081599908864,-1.0469888306801476,-0.9673674533095448,-0.07962137737060282
259,2017-01-22 14:00:00,0.06612887499855061,0.0093439999997952,-1.0466235036321303,-0.9669893563190578,-0.0796341473130725
260,2017-01-22 16:00:00,0.06699439995557979,0.0095219999936865,-1.046338151919265,-0.9651115313952899,-0.081226620523975
261,2017-01-22 18:00:00,0.0640069163815775,0.0094382616405375,-1.0473230842982508,-0.9659949357324523,-0.08132814856579851
262,2017-01-22 20:00:00,0.0669265281658827,0.0095424929951355,-1.046360528317875,-0.9648953388660517,-0.08146518945182324
263,2017-01-22 22:00:00,0.0681168409408305,0.0095646357853425,-1.0459680985139526,-0.9646617417606616,-0.08130635675329101
264,2017-01-23 00:00:00,0.067092705319597,0.0091773432665915,-1.046305741988415,-0.9687475146227863,-0.07755822736562867
265,2017-01-23 02:00:00,0.0703418296235226,0.009368449949859001,-1.0452345502476021,-0.9667314196494491,-0.07850313059815306
266,2017-01-23 04:00:00,0.068492191358377,0.009300160694307998,-1.0458443506269601,-0.967451842517427,-0.07839250810953313
267,2017-01-23 06:00:00,0.0657478199992869,0.0093398599998987,-1.0467491322415108,-0.9670330315733097,-0.07971610066820112
268,2017-01-23 08:00:00,0.0646153731007027,0.0092688624001008,-1.0471224844592781,-0.9677820263317567,-0.07934045812752144
269,2017-01-23 10:00:00,0.06471696,0.00924,-1.047088992651233,-0.9680865124897852,-0.07900248016144784
270,2017-01-23 12:00:00,0.0651562723618335,0.009314626339059,-1.0469441573880625,-0.967299236061337,-0.0796449213267254
271,2017-01-23 14:00:00,0.0649335425071185,0.0092919761464539,-1.047017588367762,-0.9675381860482003,-0.07947940231956163
272,2017-01-23 16:00:00,0.0648837467229944,0.0092835363624324,-1.0470340053551381,-0.9676272222129795,-0.07940678314215865
273,2017-01-23 18:00:00,0.06485911038125021,0.0091790419447,-1.047042127619272,-0.9687295942845894,-0.07831253333468269
274,2017-01-23 20:00:00,0.06500642236550201,0.008693895999915002,-1.0469935608775618,-0.9738476795545163,-0.07314588132304545
275,2017-01-23 22:00:00,0.06422040416000001,0.008602250159499999,-1.0472527003044052,-0.9748145045500051,-0.07243819575440014
276,2017-01-24 00:00:00,0.0603624105816732,0.0081276152178936,-1.0485246278980094,-0.9798217031658875,-0.06870292473212192
277,2017-01-24 02:00:00,0.06115146826937301,0.008685095896232,-1.0482644863955537,-0.9739405169398805,-0.07432396945567321
278,2017-01-24 04:00:00,0.064158388000458,0.008745121039068002,-1.0472731461820277,-0.9733072769784284,-0.07396586920359927
279,2017-01-24 06:00:00,0.06331784998413,0.0087268514978127,-1.0475502600430893,-0.9735000129396216,-0.07405024710346764
280,2017-01-24 08:00:00,0.061308080054972784,0.008696895007798201,-1.0482128536368298,-0.9738160412851742,-0.07439681235165563
281,2017-01-24 10:00:00,0.06009792,0.008588,-1.04861182681689,-0.9749648377275056,-0.07364698908938438
282,2017-01-24 12:00:00,0.0577749586993764,0.00861095242617,-1.0493776753122677,-0.9747226993038982,-0.07465497600836946
283,2017-01-24 14:00:00,0.057913425,0.008555700000000001,-1.0493320248711844,-0.9753055891158161,-0.07402643575536827
284,2017-01-24 16:00:00,0.058418412,0.008375302,-1.0491655375801427,-0.977208711993476,-0.07195682558666672
285,2017-01-24 18:00:00,0.05960394006600001,0.008299397109189999,-1.048774685229167,-0.9780094766040969,-0.07076520862507019
286,2017-01-24 20:00:00,0.05870996606269861,0.0082896280672894,-1.0490694162025809,-0.978112535879332,-0.07095688032324887
287,2017-01-24 22:00:00,0.057339150005183186,0.008142000000736,-1.049521355464249,-0.9796699497688567,-0.06985140569539239
288,2017-01-25 00:00:00,0.0579068789466497,0.0082136783071417,-1.0493341830152343,-0.9789137738425571,-0.07042040917267722
289,2017-01-25 02:00:00,0.0575331699006589,0.008082061867371801,-1.0494573897645263,-0.9803022718170482,-0.06915511794747808
290,2017-01-25 04:00:00,0.058636655,0.00824228,-1.0490935858549324,-0.9786120380360712,-0.07048154781886118
291,2017-01-25 06:00:00,0.057767945232515,0.008118738248894001,-1.0493799875561445,-0.9799153514479494,-0.06946463610819509
292,2017-01-25 08:00:00,0.0581454004964624,0.008125355413356999,-1.049255545730149,-0.979845543151434,-0.06941000257871488
293,2017-01-25 10:00:00,0.05785512,0.00833128,-1.049351247230382,-0.9776731255419653,-0.07167812168841681
294,2017-01-25 12:00:00,0.05634960000063599,0.0082752400000934,-1.0498475965350236,-0.9782643239249091,-0.07158327261011443
295,2017-01-25 14:00:00,0.05812511,0.008080569999999999,-1.0492622352286705,-0.9803180103891261,-0.06894422483954432
296,2017-01-25 16:00:00,0.057732460946939415,0.008133850357906,-1.0493916862386452,-0.9797559250663354,-0.06963576117230985
297,2017-01-25 18:00:00,0.05820653685092941,0.008151423289373001,-1.0492353899121984,-0.9795705380448472,-0.06966485186735127
298,2017-01-25 20:00:00,0.05874039995480501,0.0082415919936589,-1.049059382565571,-0.978619296213034,-0.07044008635253696
299,2017-01-25 22:00:00,0.05688079047198361,0.0082036168304697,-1.0496724703187017,-0.9790199181813941,-0.07065255213730759
300,2017-01-26 00:00:00,0.056283811329999996,0.008493623799999999,-1.0498692861578365,-0.9759604668660028,-0.07390881929183368
301,2017-01-26 02:00:00,0.0561855799993771,0.0084336999999065,-1.049901671680891,-0.9765926377042288,-0.07330903397666233
302,2017-01-26 04:00:00,0.05768435395583999,0.008427323585736,-1.0494075464541128,-0.9766599061866138,-0.07274764026749903
303,2017-01-26 06:00:00,0.0569525404663036,0.008094959952569999,-1.0496488153291939,-0.9801662024536479,-0.06948261287554591
304,2017-01-26 08:00:00,0.0564873634,0.0082215888,-1.0498021778308495,-0.9788303214764987,-0.07097185635435077
305,2017-01-26 10:00:00,0.05668131,0.00837984,-1.0497382362956402,-0.9771608380058552,-0.07257739828978504
306,2017-01-26 12:00:00,0.0566592,0.008435320000000001,-1.0497455256595345,-0.9765755473859339,-0.07316997827360061
307,2017-01-26 14:00:00,0.05687745676744741,0.008248422670109999,-1.0496735693953856,-0.9785472354550212,-0.07112633394036438
308,2017-01-26 16:00:00,0.0572490452851485,0.008440740042041999,-1.0495510617552004,-0.9765183682264753,-0.0730326935287251
309,2017-01-26 18:00:00,0.05738586,0.008619799999999999,-1.0495059558193045,-0.9746293611284881,-0.07487659469081642
310,2017-01-26 20:00:00,0.05688341475599999,0.008693572075000001,-1.0496716051282378,-0.973851096825863,-0.07582050830237475
311,2017-01-26 22:00:00,0.0557782398655038,0.0090038620562965,-1.05003596613881,-0.9705776682838944,-0.07945829785491554
312,2017-01-27 00:00:00,0.055595637893961,0.00911403899901,-1.0500961675055402,-0.9694153479684324,-0.08068081953710782
313,2017-01-27 02:00:00,0.055706539612577995,0.009199161264327,-1.050059604729262,-0.9685173439410983,-0.08154226078816373
314,2017-01-27 04:00:00,0.055697672076182696,0.0088649315962092,-1.0500625282344467,-0.9720433260904996,-0.07801920214394709
315,2017-01-27 06:00:00,0.05603472,0.00856494,-1.0499514081545487,-0.9752081110096863,-0.07474329714486239
316,2017-01-27 08:00:00,0.05591264,0.00854628,-1.049991656256956,-0.9754049661460911,-0.07458669011086494
317,2017-01-27 10:00:00,0.05589919557696,0.008568155387616001,-1.0499960886989228,-0.9751741900253487,-0.07482189867357414
318,2017-01-27 12:00:00,0.0559796399993902,0.008427239999908201,-1.0499695672756588,-0.9766607879818728,-0.07330877929378599
319,2017-01-27 14:00:00,0.0537188,0.008454799999999998,-1.0507149352296397,-0.9763700415950891,-0.07434489363455055
320,2017-01-27 16:00:00,0.0552061118659202,0.0085724918792132,-1.0502245888969794,-0.9751284418664588,-0.0750961470305207
321,2017-01-27 18:00:00,0.0538811024988258,0.0093702274997958,-1.050661426320779,-0.9667126672467012,-0.08394875907407773
322,2017-01-27 20:00:00,0.05519934,0.008362979999999999,-1.050226821488338,-0.977338703900806,-0.07288811758753189
323,2017-01-27 22:00:00,0.0583779675262038,0.0091611042347907,-1.0491788715687007,-0.9689188295649207,-0.08026004200378001
324,2017-01-28 00:00:00,0.05894424950673501,0.009092173262399,-1.0489921761628698,-0.9696460222751392,-0.07934615388773059
325,2017-01-28 02:00:00,0.060952989999335315,0.0090141099999017,-1.0483299219602498,-0.970469556797492,-0.07786036516275774
326,2017-01-28 04:00:00,0.060448674548583985,0.0090121808103588,-1.0484961878507102,-0.970489908934181,-0.07800627891652923
327,2017-01-28 06:00:00,0.05957481600129921,0.009051777000197402,-1.0487842870340376,-0.970072185817794,-0.07871210121624361
328,2017-01-28 08:00:00,0.061125978697694386,0.008980986924389998,-1.0482728899579,-0.9708189912855949,-0.07745389867230501
329,2017-01-28 10:00:00,0.0570814391969406,0.009070652235789302,-1.0496063191847733,-0.969873060036598,-0.0797332591481753
330,2017-01-28 12:00:00,0.0613322972599896,0.0088710975739152,-1.0482048695563289,-0.9719782776241339,-0.07622659193219494
331,2017-01-28 14:00:00,0.061002947,0.008836875499999999,-1.0483134518219903,-0.9723393060822598,-0.07597414573973049
332,2017-01-28 16:00:00,0.0613819859728896,0.0091669632576,-1.0481884878688676,-0.96885701934336,-0.07933146852550765
333,2017-01-28 18:00:00,0.0630149988,0.00927529304,-1.0476501059267151,-0.9677141857907853,-0.07993592013592987
334,2017-01-28 20:00:00,0.0665130799776366,0.009680999996745002,-1.0464968365175853,-0.9634341483679357,-0.08306268814964957
335,2017-01-28 22:00:00,0.0650634466534038,0.0098013126611862,-1.0469747607515856,-0.9621649004595871,-0.08480986029199844
336,2017-01-29 00:00:00,0.07563252000000001,0.00989154,-1.0434902821604644,-0.9612130400582138,-0.08227724210225051
337,2017-01-29 02:00:00,0.0702064256749308,0.009969110307198001,-1.0452791910732024,-0.9603947060065302,-0.08488448506667223
338,2017-01-29 04:00:00,0.0641204696097306,0.0103645777749866,-1.047285647355628,-0.9562226908771012,-0.0910629564785268
339,2017-01-29 06:00:00,0.064746299999297,0.0104441399998866,-1.0470793196556865,-0.9553833429330846,-0.09169597672260188
340,2017-01-29 08:00:00,0.07348802500079901,0.0099792875001085,-1.0441972927628544,-0.9602873409101416,-0.08390995185271288
341,2017-01-29 10:00:00,0.07345606500159799,0.010158817500221,-1.0442078295364519,-0.9583933750655069,-0.08581445447094493
342,2017-01-29 12:00:00,0.0718502271213258,0.0099930261995788,-1.0447372522711726,-0.9601424034204176,-0.08459484885075508
343,2017-01-29 14:00:00,0.0695243999992443,0.0100463999998908,-1.0455040455885976,-0.9595793323196213,-0.08592471326897622
344,2017-01-29 16:00:00,0.06922212000604559,0.0101950800008904,-1.0456037031584038,-0.9580108209649898,-0.08759288219341399
345,2017-01-29 18:00:00,0.0699230399992333,0.0101687999998885,-1.0453726194455502,-0.9582880639007854,-0.0870845555447648
346,2017-01-29 20:00:00,0.06904078375166099,0.0103950073349088,-1.0456634872355386,-0.955901671843381,-0.08976181539215755
347,2017-01-29 22:00:00,0.069750434754,0.011474097491999999,-1.0454295250286614,-0.94451772543035,-0.10091179959831142
348,2017-01-30 00:00:00,0.07051904999922931,0.0110989499998787,-1.045176123119243,-0.9484753733796222,-0.09670074973962073
349,2017-01-30 02:00:00,0.06888852627783579,0.0110133827696872,-1.0457136844373636,-0.9493780715988676,-0.09633561283849601
350,2017-01-30 04:00:00,0.06793136,0.01130661,-1.0460292490373895,-0.9462846478892858,-0.09974460114810368
351,2017-01-30 06:00:00,0.067911806776608,0.011541706902234002,-1.0460356954670869,-0.9438044746439697,-0.1022312208231172
352,2017-01-30 08:00:00,0.06756330130885001,0.0110208340982436,-1.046150592942151,-0.9492994632226959,-0.0968511297194552
353,2017-01-30 10:00:00,0.0663191439758592,0.011254490492591999,-1.0465607745587058,-0.9468344867285219,-0.09972628783018389
354,2017-01-30 12:00:00,0.0742991500016196,0.0113678250002478,-1.043929875969783,-0.9456388554335625,-0.09829102053622052
355,2017-01-30 14:00:00,0.14587938000158912,0.0118238400001288,-1.020330855430981,-0.9408280893561689,-0.07950276607481199
356,2017-01-30 16:00:00,0.104895377139195,0.0113232040300476,-1.0338427193256956,-0.9461095878652491,-0.08773313146044648
357,2017-01-30 18:00:00,0.1016046400011056,0.0125167800001362,-1.0349276302474628,-0.9335178643710816,-0.10140976587638117
358,2017-01-30 20:00:00,0.10740600000117,0.0110435400001203,-1.0330150013861898,-0.9490599255264939,-0.08395507585969597
359,2017-01-30 22:00:00,0.10744272,0.01256742,-1.0330028953059693,-0.9329836337129508,-0.10001926159301855
360,2017-01-31 00:00:00,0.11350404,0.012894,-1.0310045611965049,-0.9295383523385109,-0.10146620885799396
361,2017-01-31 02:00:00,0.1070097368705376,0.0130906367159981,-1.0331456439079945,-0.927463917850302,-0.10568172605769244
362,2017-01-31 04:00:00,0.1234934953141512,0.0122516314774938,-1.0277111747247067,-0.9363150695475165,-0.09139610517719021
363,2017-01-31 06:00:00,0.1817337800038936,0.0123035300002636,-1.0085101512775971,-0.9357675620030871,-0.07274258927451005
364,2017-01-31 08:00:00,0.1764262041048002,0.0116435166542508,-1.010259986290058,-0.9427304246643022,-0.06752956162575585
365,2017-01-31 10:00:00,0.20231500000000002,0.01140492,-1.001724805192485,-0.9452475188185491,-0.0564772863739359
366,2017-01-31 12:00:00,0.15443407825357852,0.0114039822520195,-1.0175104886935167,-0.9452574116645628,-0.0722530770289539
367,2017-01-31 14:00:00,0.1391182774457072,0.0108698104353882,-1.0225598982558122,-0.950892699222253,-0.07166719903355923
368,2017-01-31 16:00:00,0.1341186422985941,0.0115716560998787,-1.0242082094238998,-0.9434885232298454,-0.08071968619405434
369,2017-01-31 18:00:00,0.1293025552702338,0.0124011035025696,-1.025796007293493,-0.9347382026726513,-0.09105780462084179
370,2017-01-31 20:00:00,0.14087863228024802,0.01137891620264,-1.0219795333995394,-0.9455218479223187,-0.07645768547722065
371,2017-01-31 22:00:00,0.134913486054285,0.012089022047875,-1.0239461603341486,-0.938030530504017,-0.08591562983013168
372,2017-02-01 00:00:00,0.14094,0.01139184,-1.021959301303626,-0.9453855073064469,-0.07657379399717923
373,2017-02-01 02:00:00,0.1386199599985724,0.0113801199998828,-1.022724186686707,-0.9455091483687049,-0.07721503831800203
374,2017-02-01 04:00:00,0.15117746699999998,0.011626799999999998,-1.0185841487789917,-0.9429067783220071,-0.07567737045698464
375,2017-02-01 06:00:00,0.14441872498813202,0.011876699999023996,-1.0208124133648222,-0.9402704386437968,-0.08054197472102542
376,2017-02-01 08:00:00,0.14318999999999998,0.0118035,-1.021217507148839,-0.9410426677859561,-0.08017483936288283
377,2017-02-01 10:00:00,0.1402405057843734,0.0116209720803624,-1.0221899149571636,-0.9429682604182136,-0.07922165453895003
378,2017-02-01 12:00:00,0.13733906125,0.012314816000000001,-1.0231464814442914,-0.9356484994619524,-0.08749798198233905
379,2017-02-01 14:00:00,0.13470112404417958,0.012665695700393,-1.024016173177613,-0.9319468664886136,-0.09206930668899937
380,2017-02-01 16:00:00,0.13599095999719998,0.0126665865597392,-1.023590931946242,-0.9319374682979323,-0.09165346364830962
381,2017-02-01 18:00:00,0.135275684531,0.012729306434,-1.0238267484617485,-0.9312758000555477,-0.09255094840620082
382,2017-02-01 20:00:00,0.1295819,0.012734101000000001,-1.0257039111656214,-0.9312252194047476,-0.09447869176087387
383,2017-02-01 22:00:00,0.12975599999999998,0.01424367,-1.0256465127823553,-0.9152999026090718,-0.11034661017328351
384,2017-02-02 00:00:00,0.1270165206028776,0.0130447800619164,-1.026549681584109,-0.9279476862262033,-0.09860199535790581
385,2017-02-02 02:00:00,0.1258959277599804,0.01269604422372,-1.0269191256822234,-0.9316267023568227,-0.09529242332540078
386,2017-02-02 04:00:00,0.1290876539013171,0.0129665907001323,-1.0258668573287455,-0.9287725510428916,-0.09709430628585392
387,2017-02-02 06:00:00,0.133629825,0.013077075,-1.0243693657860582,-0.9276069882389776,-0.09676237754708061
388,2017-02-02 08:00:00,0.12946905614,0.015142464512799996,-1.0257411142392887,-0.9058179992641072,-0.11992311497518149
389,2017-02-02 10:00:00,0.1333597571123,0.0142676820847,-1.0244584034662767,-0.9150465852345284,-0.10941181823174828
390,2017-02-02 12:00:00,0.12124524200000003,0.013695377,-1.028452393021115,-0.92108416270043,-0.10736823032068488
391,2017-02-02 14:00:00,0.124562426,0.014771858,-1.0273587629315353,-0.9097277417951745,-0.11763102113636081
392,2017-02-02 16:00:00,0.11153968000000003,0.014340816,-1.0316521837591262,-0.9142750532478088,-0.11737713051131737
393,2017-02-02 18:00:00,0.111700000002234,0.0150800000003016,-1.0315993284522138,-0.9064769735475116,-0.12512235490470225
394,2017-02-02 20:00:00,0.1155873600034401,0.0139305600004146,-1.03031771915157,-0.9186030811555915,-0.11171463799597847
395,2017-02-02 22:00:00,0.11239166517442,0.014111957959120004,-1.0313712959269705,-0.9166894091349869,-0.11468188679198366
396,2017-02-03 00:00:00,0.1134108879237642,0.0142131365937198,-1.0310352721590195,-0.9156220171781067,-0.11541325498091282
397,2017-02-03 02:00:00,0.1129054719988896,0.01423519999986,-1.031201900860712,-0.9153892575411676,-0.11581264331954444
398,2017-02-03 04:00:00,0.1051532647739028,0.013359553014459598,-1.03375769730791,-0.9246269642267712,-0.10913073308113874
399,2017-02-03 06:00:00,0.10431696,0.01333816,-1.0340334155269773,-0.9248526515139925,-0.10918076401298471
400,2017-02-03 08:00:00,0.1110891551015242,0.0133117107395044,-1.0318007156419151,-0.9251316800661183,-0.10666903557579677
401,2017-02-03 10:00:00,0.1109940012901455,0.0132066265241469,-1.0318320865490647,-0.9262402742541236,-0.10559181229494108
402,2017-02-03 12:00:00,0.1123876072100782,0.0136093584012204,-1.0313726337821834,-0.9219916226680667,-0.10938101111411669
403,2017-02-03 14:00:00,0.11242274,0.01330069,-1.0313610509829811,-0.9252479442235897,-0.10611310675939145
404,2017-02-03 16:00:00,0.11528701470000001,0.0127497942,-1.0304167388806855,-0.9310596627580902,-0.09935707612259537
405,2017-02-03 18:00:00,0.1218951420665355,0.01274482441323,-1.0282381298786474,-0.9311120919141732,-0.09712603796447417
406,2017-02-03 20:00:00,0.1207026769010334,0.013329316240035298,-1.0286312692962283,-0.9249459494547312,-0.10368531984149709
407,2017-02-03 22:00:00,0.12338864583063001,0.0132463131629625,-1.0277457421620437,-0.9258215969391457,-0.10192414522289805
408,2017-02-04 00:00:00,0.116394809774876,0.0128625437772236,-1.0300515140312432,-0.9298702022326923,-0.10018131179855083
409,2017-02-04 02:00:00,0.11205405907355699,0.0126884004083292,-1.0314826000301887,-0.9317073413879806,-0.09977525864220804
410,2017-02-04 04:00:00,0.1161291984539335,0.0127310370087725,-1.0301390824424967,-0.9312575432209872,-0.09888153922150955
411,2017-02-04 06:00:00,0.12737668,0.013347795,-1.0264309419682969,-0.9247510063243217,-0.10167993564397515
412,2017-02-04 08:00:00,0.1144493306998316,0.0134003284264748,-1.030692911811745,-0.9241968008133622,-0.10649611099838274
413,2017-02-04 10:00:00,0.1136152438486962,0.0138451499719416,-1.0309678988120814,-0.9195041209629541,-0.11146377784912731
414,2017-02-04 12:00:00,0.1108783176840416,0.0134254085461089,-1.0318702258480925,-0.9239322161203496,-0.10793800972774292
415,2017-02-04 14:00:00,0.1095663534129888,0.0133927898806806,-1.0323027624825623,-0.9242763292946382,-0.10802643318792404
416,2017-02-04 16:00:00,0.12092178264116528,0.0136352203201314,-1.0285590331374237,-0.9217187903221442,-0.10684024281527948
417,2017-02-04 18:00:00,0.11608468838,0.012916787579999998,-1.0301537568036847,-0.9292979529725285,-0.10085580383115622
418,2017-02-04 20:00:00,0.11745716400343707,0.0129790320003798,-1.0297012704058832,-0.9286413005682252,-0.10105996983765797
419,2017-02-04 22:00:00,0.11341791,0.0126329785,-1.0310329570767502,-0.9322920191652557,-0.09874093791149452
420,2017-02-05 00:00:00,0.111380024,0.012906168,-1.0317048201536048,-0.929409985066283,-0.10229483508732173
421,2017-02-05 02:00:00,0.1098185999989338,0.013183999999872,-1.0322196002412205,-0.9264789745500775,-0.10574062569114295
422,2017-02-05 04:00:00,0.11078640000108002,0.013130240000128001,-1.031900529848067,-0.9270461198921313,-0.10485440995593576
423,2017-02-05 06:00:00,0.1069440720010392,0.0145823470001417,-1.0331672927152695,-0.9117270029809887,-0.12144028973428078
424,2017-02-05 08:00:00,0.1113603563978376,0.013801597999732,-1.0317113042924146,-0.9199635759163309,-0.11174772837608371
425,2017-02-05 10:00:00,0.10816963452,0.0134340369,-1.0327632415539845,-0.9238411906229121,-0.10892205093107232
426,2017-02-05 12:00:00,0.1080272960696488,0.013612617710488,-1.03281016858975,-0.9219572383288138,-0.11085293026093612
427,2017-02-05 14:00:00,0.10535460000000002,0.01375998,-1.0336913198439668,-0.9204026282750734,-0.11328869156889343
428,2017-02-05 16:00:00,0.1078197574021512,0.0131717331002628,-1.0328785912432796,-0.9266083851715048,-0.10627020607177484
429,2017-02-05 18:00:00,0.1070549,0.01323808,-1.0331307542433514,-0.9259084533388255,-0.10722230090452589
430,2017-02-05 20:00:00,0.11030838,0.01313195,-1.0320581264892548,-0.9270280801141004,-0.10503004637515434
431,2017-02-05 22:00:00,0.107161,0.0132411,-1.0330957745278746,-0.9258765936114973,-0.10721918091637728
432,2017-02-06 00:00:00,0.1081431000010665,0.0133645200001318,-1.0327719896211156,-0.9245745646210893,-0.10819742500002627
433,2017-02-06 02:00:00,0.1079037,0.01327185,-1.0328509165195365,-0.9255521940699944,-0.10729872244954208
434,2017-02-06 04:00:00,0.10669144849506,0.01306446648715,-1.0332505792219795,-0.9277400027361346,-0.10551057648584494
435,2017-02-06 06:00:00,0.1070538,0.012744499999999999,-1.0331311168982715,-0.9311155143370372,-0.10201560256123432
436,2017-02-06 08:00:00,0.10366976,0.0130048,-1.0342467884945232,-0.9283694590312419,-0.10587732946328132
437,2017-02-06 10:00:00,0.10462139999999999,0.013311000000000002,-1.0339330458325402,-0.9251391780683736,-0.10879386776416655
438,2017-02-06 12:00:00,0.10605008,0.01359408,-1.0334620296222905,-0.9221528033624015,-0.11130922625988904
439,2017-02-06 14:00:00,0.10468357999897647,0.0132759439998702,-1.0339125459393022,-0.925509004096635,-0.1084035418426672
440,2017-02-06 16:00:00,0.1030301999939394,0.0142085999991642,-1.0344576426608039,-0.9156698763388813,-0.11878776632192256
441,2017-02-06 18:00:00,0.11004896,0.013388200000000001,-1.0321436537068704,-0.924324750601576,-0.1078189031052944
442,2017-02-06 20:00:00,0.13601067445,0.01349880378,-1.023584432361419,-0.923157927332617,-0.1004265050288019
443,2017-02-06 22:00:00,0.1283750520263991,0.0140721360028938,-1.0261017923978588,-0.917109513991622,-0.10899227840623682
444,2017-02-07 00:00:00,0.11635799999999999,0.01411425,-1.0300636497093953,-0.9166652290696022,-0.11339842063979311
445,2017-02-07 02:00:00,0.12093952,0.014172600000000004,-1.0285531853733771,-0.9160496611591404,-0.1125035242142367
446,2017-02-07 04:00:00,0.1149405,0.01356505,-1.0305309800269113,-0.9224590576287374,-0.10807192239817398
447,2017-02-07 06:00:00,0.1186164001134,0.0138072000132,-1.029319086152377,-0.9199044770350135,-0.10941460911736356
448,2017-02-07 08:00:00,0.121819850995599,0.013755704431401002,-1.028262952312571,-0.9204477337220061,-0.10781521859056498
449,2017-02-07 10:00:00,0.11937023577,0.013689486899999999,-1.0290705568707166,-0.9211463007732561,-0.10792425609746048
450,2017-02-07 12:00:00,0.120888287220366,0.013682485414242,-1.028570076118473,-0.9212201634974753,-0.1073499126209978
451,2017-02-07 14:00:00,0.11831099999999999,0.01359006,-1.02941977238304,-0.922195212668315,-0.10722455971472511
452,2017-02-07 16:00:00,0.11818924463832801,0.0137964507654805,-1.029459913456641,-0.920017877068565,-0.10944203638807593
453,2017-02-07 18:00:00,0.11524856,0.01381264,-1.0304294168681007,-0.919847087466763,-0.11058232940133772
454,2017-02-07 20:00:00,0.1202564999977094,0.0136604999997398,-1.0287783677046223,-0.9214521003555001,-0.1073262673491222
455,2017-02-07 22:00:00,0.1157200000033,0.0136549600003894,-1.030273989561976,-0.9215105450140105,-0.10876344454796538
456,2017-02-08 00:00:00,0.11868687999999998,0.013790184,-1.0292958498999727,-0.9200839888034782,-0.1092118610964945
457,2017-02-08 02:00:00,0.1181103305499282,0.013822667843639598,-1.0294859303497546,-0.9197412979422444,-0.1097446324075102
458,2017-02-08 04:00:00,0.11856503977442642,0.013348169974604704,-1.0293360189520386,-0.9247470505002617,-0.1045889684517769
459,2017-02-08 06:00:00,0.11840679,0.013756409999999998,-1.0293881917332235,-0.9204402902706236,-0.10894790146259992
460,2017-02-08 08:00:00,0.1202837154574566,0.0128882756514617,-1.02876939514064,-0.9295987418032663,-0.09917065333737374
461,2017-02-08 10:00:00,0.119966508,0.013357202400000002,-1.0288739740907715,-0.9246517622187368,-0.10422221187203473
462,2017-02-08 12:00:00,0.1207948351774506,0.013105247109934198,-1.0286008859758897,-0.9273097843513085,-0.10129110162458121
463,2017-02-08 14:00:00,0.1214538280092704,0.013834920001056001,-1.0283836250733607,-0.9196120428447386,-0.10877158222862204
464,2017-02-08 16:00:00,0.12227395999883772,0.0134761199998719,-1.0281132387995762,-0.9233972316536937,-0.10471600714588247
465,2017-02-08 18:00:00,0.12084,0.0135892,-1.028585995753059,-0.9222042853058985,-0.1063817104471605
466,2017-02-08 20:00:00,0.1147856372963872,0.013571912396564002,-1.0305820361372822,-0.9223866622369007,-0.10819537390038148
467,2017-02-08 22:00:00,0.11582960789889787,0.013599810599870598,-1.03023785334141,-0.9220923479487246,-0.10814550539268541
468,2017-02-09 00:00:00,0.1167666790183338,0.013570124309375998,-1.0299289138396246,-0.9224055258032082,-0.10752338803641637
469,2017-02-09 02:00:00,0.1201300227011227,0.013696128000127998,-1.0288200655354318,-0.921076239965562,-0.10774382556986983
470,2017-02-09 04:00:00,0.12034112933499999,0.0137275328,-1.0287504665723,-0.9207449325613516,-0.10800553401094837
471,2017-02-09 06:00:00,0.11641385603871307,0.0152500778481268,-1.030045234739161,-0.9046827239262335,-0.1253625108129276
472,2017-02-09 08:00:00,0.119765,0.015374375,-1.0289404085159017,-0.9033714413545982,-0.1255689671613035
473,2017-02-09 10:00:00,0.1187788907016558,0.0154238932594384,-1.02926551523301,-0.9028490445852376,-0.12641647064777228
474,2017-02-09 12:00:00,0.1097760201412,0.0145090500436,-1.0322336382365886,-0.9125002549841007,-0.11973338325248795
475,2017-02-09 14:00:00,0.1106811999988706,0.0148273999998487,-1.0319352128466104,-0.9091417971029769,-0.12279341574363345
476,2017-02-09 16:00:00,0.1120224,0.014304,-1.0314930375927267,-0.914663446533011,-0.11682959105971569
477,2017-02-09 18:00:00,0.10936224,0.01935648,-1.0323700558766373,-0.8613619117215414,-0.1710081441550959
478,2017-02-09 20:00:00,0.11497391894495,0.016926177274694996,-1.030519962258901,-0.8870005813086064,-0.1435193809502946
479,2017-02-09 22:00:00,0.1144821300011599,0.0171145800001734,-1.0306820983317422,-0.885013011950457,-0.14566908638128517
480,2017-02-10 00:00:00,0.1120393806011599,0.0168170154001741,-1.0314874393213112,-0.8881521930824008,-0.14333524623891036
481,2017-02-10 02:00:00,0.1134021384625411,0.021172041681469,-1.0310381567364386,-0.8422085010861325,-0.18882965565030607
482,2017-02-10 04:00:00,0.1138164523018935,0.0202892315057633,-1.0309015631434255,-0.8515217764107844,-0.1793797867326411
483,2017-02-10 06:00:00,0.1145551799988178,0.0219381599997736,-1.0306580147489555,-0.834126275681417,-0.1965317390675385
484,2017-02-10 08:00:00,0.11062864,0.0219792,-1.031952541157694,-0.8336933209738812,-0.1982592201838128
485,2017-02-10 10:00:00,0.11349000000000001,0.0208356,-1.0310091899920306,-0.8457578190442144,-0.18525137094781619
486,2017-02-10 12:00:00,0.1142005199976356,0.0208945799995674,-1.0307749412893172,-0.8451356049038077,-0.18563933638550956
487,2017-02-10 14:00:00,0.1137911900361057,0.020819870006606102,-1.030909891766136,-0.845923763845672,-0.18498612792046387
488,2017-02-10 16:00:00,0.112043028,0.018370596,-1.0314862368239155,-0.8717625724556899,-0.1597236643682256
489,2017-02-10 18:00:00,0.1122159042,0.0181888959,-1.0314292419107325,-0.8736794319396259,-0.15774980997110655
490,2017-02-10 20:00:00,0.11349965,0.0184075,-1.0310060085193224,-0.871373250807572,-0.15963275771175045
491,2017-02-10 22:00:00,0.1139508784294109,0.0179351456834482,-1.0308572446920288,-0.8763563897902169,-0.15450085490181187
492,2017-02-11 00:00:00,0.1108907010724618,0.0181330085339249,-1.031866143214694,-0.8742690200999698,-0.1575971231147243
493,2017-02-11 02:00:00,0.1126971750081732,0.0187131488017283,-1.0312705735230114,-0.8681487847541874,-0.163121788768824
494,2017-02-11 04:00:00,0.1127350350213237,0.017377850003287,-1.031258091595698,-0.8822356243634155,-0.1490224672322824
495,2017-02-11 06:00:00,0.113758484,0.017410064,-1.0309206744978734,-0.8818957802735398,-0.14902489422433363
496,2017-02-11 08:00:00,0.1136226800215023,0.0168170000031825,-1.0309654472078498,-0.8881523555141737,-0.14281309169367606
497,2017-02-11 10:00:00,0.112085949,0.016956771000000002,-1.0314720863586189,-0.8866778303992793,-0.1447942559593396
498,2017-02-11 12:00:00,0.11307442692084192,0.0169857738227897,-1.0311461987391446,-0.8863718628410592,-0.14477433589808542
499,2017-02-11 14:00:00,0.1111471486288863,0.016357203609836102,-1.0317815959709762,-0.893003013699093,-0.13877858227188322
500,2017-02-11 16:00:00,0.112386604993283,0.0167249739990004,-1.0313729641993215,-0.8891231910771986,-0.14224977312212284
501,2017-02-11 18:00:00,0.111728232,0.0161224,-1.0315900207495825,-0.8954800928332088,-0.13610992791637366
502,2017-02-11 20:00:00,0.109104364,0.016139817600000002,-1.0324550740586196,-0.8952963444932386,-0.137158729565381
503,2017-02-11 22:00:00,0.1087743600250056,0.0158179050036363,-1.032563871845156,-0.8986923867262274,-0.13387148511892855
504,2017-02-12 00:00:00,0.10868,0.0159,-1.0325949810518202,-0.8978263191106154,-0.13476866194120485
505,2017-02-12 02:00:00,0.11209050944059501,0.015693669012021003,-1.0314705828438737,-0.9000030240829155,-0.13146755876095817
506,2017-02-12 04:00:00,0.11104000000000001,0.015379999999999996,-1.0318169214050212,-0.9033120999750551,-0.1285048214299661
507,2017-02-12 06:00:00,0.107179999989282,0.017029999998297,-1.033089510491879,-0.8859052953270103,-0.14718421516486857
508,2017-02-12 08:00:00,0.1086953936216993,0.0169457851292652,-1.032589905985777,-0.8867937267059257,-0.14579617927985133
509,2017-02-12 10:00:00,0.1084214700097677,0.0161138700014517,-1.0326802148454166,-0.895570080723228,-0.13711013412218864
510,2017-02-12 12:00:00,0.1093199999956272,0.0158399999993664,-1.0323839818270113,-0.8984592938324272,-0.13392468799458412
511,2017-02-12 14:00:00,0.10926916,0.01562561,-1.032400743076605,-0.90072101797868,-0.13167972509792492
512,2017-02-12 16:00:00,0.108625116,0.015364344000000004,-1.0326130755542167,-0.9034772641773889,-0.12913581137682772
513,2017-02-12 18:00:00,0.1089744279607024,0.0149445509946108,-1.0324979121894848,-0.9079059034773692,-0.12459200871211562
514,2017-02-12 20:00:00,0.11081655,0.01579248,-1.031890589806749,-0.8989606098001242,-0.13292998000662481
515,2017-02-12 22:00:00,0.1054795250010585,0.0151268700001518,-1.0336501337837127,-0.9059825148007914,-0.12766761898292134
516,2017-02-13 00:00:00,0.106259096636811,0.014997290278941,-1.0333931197025397,-0.9073495262527868,-0.1260435934497529
517,2017-02-13 02:00:00,0.1048099600021004,0.0145308800002912,-1.0338708801848135,-0.9122699581404696,-0.12160092204434392
518,2017-02-13 04:00:00,0.1054791596998586,0.0145646950319532,-1.0336502542185104,-0.9119132238065816,-0.12173703041192885
519,2017-02-13 06:00:00,0.104903675869,0.013911597517,-1.0338399833482461,-0.9188031273645495,-0.11503685598369662
520,2017-02-13 08:00:00,0.1035583667241138,0.0135347134497552,-1.0342835133304944,-0.9227790954495567,-0.11150441788093768
521,2017-02-13 10:00:00,0.1023568528376616,0.014469500885262,-1.0346796359873236,-0.9129174819379762,-0.12176215404934743
522,2017-02-13 12:00:00,0.10293984348563433,0.0140268804749626,-1.034487431962896,-0.9175869407399586,-0.11690049122293744
523,2017-02-13 14:00:00,0.10306632,0.013645205,-1.0344457343899742,-0.9216134561572197,-0.11283227823275455
524,2017-02-13 16:00:00,0.10362925,0.0138703,-1.0342601440861723,-0.9192387987655254,-0.1150213453206469
525,2017-02-13 18:00:00,0.1048335606978978,0.0139033377997212,-1.0338630993589508,-0.9188902639010758,-0.11497283545787507
526,2017-02-13 20:00:00,0.10398162,0.01425144,-1.0341439725278068,-0.9152179323834627,-0.11892604014434405
527,2017-02-13 22:00:00,0.1057005842010622,0.0138718334001394,-1.0335772535959682,-0.9192226220402517,-0.11435463155571646
528,2017-02-14 00:00:00,0.1047138,0.013611600000000001,-1.0339025828192503,-0.9219679747455841,-0.11193460807366618
529,2017-02-14 02:00:00,0.1011042330349792,0.0136147853239138,-1.0350926075641238,-0.9219343709206353,-0.11315823664348845
530,2017-02-14 04:00:00,0.10500239999999998,0.01357755,-1.0338074353556628,-0.922327187896419,-0.11148024745924379
531,2017-02-14 06:00:00,0.10543455,0.0134469,-1.033664961425,-0.9237054903386096,-0.10995947108639037
532,2017-02-14 08:00:00,0.10823448,0.0133096,-1.0327418628881941,-0.9251539474783933,-0.10758791540980084
533,2017-02-14 10:00:00,0.1052546399989464,0.0129470399998704,-1.0337242752859643,-0.9289788026917053,-0.10474547259425904
534,2017-02-14 12:00:00,0.10473668595186203,0.012952231878370005,-1.0338950376346645,-0.9289240305614674,-0.10497100707319706
535,2017-02-14 14:00:00,0.10934893912480198,0.013485256346874,-1.0323744409928486,-0.9233008470430111,-0.10907359394983751
536,2017-02-14 16:00:00,0.10887786,0.012775245,-1.0325297493222798,-0.9307911675434273,-0.10173858177885253
537,2017-02-14 18:00:00,0.1047878787867366,0.0134444444442979,-1.033878160058808,-0.9237313954164598,-0.1101467646423483
538,2017-02-14 20:00:00,0.1044775920317766,0.013424776381179698,-1.0339804573482023,-0.9239388851939491,-0.11004157215425325
539,2017-02-14 22:00:00,0.1034669835356852,0.0130662110676484,-1.0343136411149485,-0.927721598147068,-0.1065920429678805
540,2017-02-15 00:00:00,0.1037632720541108,0.0125804259004984,-1.0342159588522382,-0.9328464269435681,-0.10136953190867004
541,2017-02-15 02:00:00,0.1031999334662355,0.0124504751356044,-1.0344016838618613,-0.9342173527500581,-0.10018433111180314
542,2017-02-15 04:00:00,0.1020302,0.0127967,-1.0347873289498222,-0.9305648263348762,-0.10422250261494592
543,2017-02-15 06:00:00,0.1023260600020404,0.012286750000245001,-1.0346897879630894,-0.9359445839319475,-0.09874520403114195
544,2017-02-15 08:00:00,0.1064543980359108,0.0124173280041888,-1.0333287315086401,-0.9345670410178095,-0.09876169049083061
545,2017-02-15 10:00:00,0.13655186479864798,0.0122108879098791,-1.0234060093226391,-0.9367448970159198,-0.08666111230671936
546,2017-02-15 12:00:00,0.143621999998578,0.0123724999998775,-1.0210750826715886,-0.9350399575721211,-0.08603512509946754
547,2017-02-15 14:00:00,0.14251599599999998,0.012385656,-1.0214397170277294,-0.9349011673149585,-0.08653854971277086
548,2017-02-15 16:00:00,0.132536845,0.01325065,-1.0247297063084133,-0.9257758451360062,-0.09895386117240712
549,2017-02-15 18:00:00,0.1570814002569016,0.0138649000226756,-1.0166377029211147,-0.9192957662506689,-0.09734193667044577
550,2017-02-15 20:00:00,0.15680734999999998,0.01322545,-1.0167280535338648,-0.9260416945163599,-0.09068635901750488
551,2017-02-15 22:00:00,0.2476098108481761,0.0131015314482149,-0.9867917270016532,-0.9273489830166133,-0.0594427439850399
552,2017-02-16 00:00:00,0.26768586000263994,0.013587600000133999,-0.9801729288176518,-0.9222211646302216,-0.0579517641874302
553,2017-02-16 02:00:00,0.27289599999733505,0.0142950399998604,-0.9784552170871237,-0.9147579707586094,-0.06369724632851426
554,2017-02-16 04:00:00,0.2572054877402639,0.0137546339966616,-0.9836281638773073,-0.92045902635741,-0.06316913751989739
555,2017-02-16 06:00:00,0.2615893568384129,0.01450890112923,-0.9821828623340366,-0.9125018259679495,-0.06968103636608713
556,2017-02-16 08:00:00,0.2523357989975499,0.0185587979998198,-0.9852336334972979,-0.86977712066865,-0.11545651282864788
557,2017-02-16 10:00:00,0.2394285,0.018773254,-0.9894889930308419,-0.8675147002416254,-0.12197429278921657
558,2017-02-16 12:00:00,0.2543121124345281,0.0179321983888257,-0.9845820700503743,-0.8763874825064515,-0.10819458754392286
559,2017-02-16 14:00:00,0.26142030000000005,0.01799865,-0.9822385980560638,-0.8756864460122377,-0.10655215204382618
560,2017-02-16 16:00:00,0.26573333280000005,0.017761257000000003,-0.9808166502691992,-0.878190842121376,-0.10262580814782318
561,2017-02-16 18:00:00,0.26170332,0.01751754,-0.9821452902419804,-0.8807619537654888,-0.10138333647649156
562,2017-02-16 20:00:00,0.25818,0.0163592,-0.9833068805448449,-0.8929819526241716,-0.09032492792067337
563,2017-02-16 22:00:00,0.2608831292495739,0.0154989339646617,-0.9824156958884145,-0.9020573967683759,-0.08035829912003856
564,2017-02-17 00:00:00,0.2506515578443293,0.0159521671200856,-0.9857889047162807,-0.8972759779776951,-0.08851292673858557
565,2017-02-17 02:00:00,0.25137342999758994,0.0159370399998472,-0.985550913363484,-0.8974355627214218,-0.08811535064206222
566,2017-02-17 04:00:00,0.2450095200023604,0.015777600000152003,-0.9876490072461744,-0.8991175875278722,-0.08853141971830225
567,2017-02-17 06:00:00,0.2274771599978211,0.016317719999843702,-0.993429185988838,-0.8934195491455454,-0.10000963684329256
568,2017-02-17 08:00:00,0.219586365,0.016362075,-0.9960306729248417,-0.8929516225857385,-0.10307905033910325
569,2017-02-17 10:00:00,0.219292323,0.015776350999999997,-0.9961276145412248,-0.8991307639531291,-0.0969968505880957
570,2017-02-17 12:00:00,0.2446130496477096,0.0147194419066264,-0.9877797180868972,-0.9102807094913621,-0.07749900859553516
571,2017-02-17 14:00:00,0.22373526004440872,0.0150553400029883,-0.9946628391058336,-0.9067371261270855,-0.08792571297874818
572,2017-02-17 16:00:00,0.22491036000000006,0.014909312000000003,-0.994275424759901,-0.9082776600202883,-0.08599776473961274
573,2017-02-17 18:00:00,0.270223044025599,0.014788956001401002,-0.979336454027496,-0.9095473650857403,-0.06978908894175573
574,2017-02-17 20:00:00,0.2315750400021888,0.014822580000140096,-0.9920781711291671,-0.9091926460686847,-0.08288552506048241
575,2017-02-17 22:00:00,0.2372655699531306,0.014814610149840196,-0.9902020814157224,-0.9092767246307378,-0.08092535678498458
576,2017-02-18 00:00:00,0.2450657400139176,0.014526875000825,-0.9876304722790833,-0.9123122091970729,-0.0753182630820104
577,2017-02-18 02:00:00,0.24897295799766,0.0140339885298681,-0.9863423160738299,-0.9175119537561433,-0.06883036231768669
578,2017-02-18 04:00:00,0.24812216,0.01362348,-0.9866228125100829,-0.9218426457519888,-0.06478016675809406
579,2017-02-18 06:00:00,0.1880452800017632,0.013203270000123798,-1.0064293362525483,-0.9262756841680794,-0.0801536520844689
580,2017-02-18 08:00:00,0.18476399992907003,0.0142471199945306,-1.0075111293095012,-0.9152635066206518,-0.09224762268884934
581,2017-02-18 10:00:00,0.1880802,0.013133735999999998,-1.0064178236078474,-0.9270092385667469,-0.07940858504110049
582,2017-02-18 12:00:00,0.19112941196379798,0.0135108722250271,-1.0054125402249796,-0.9230306103233994,-0.08238192990158022
583,2017-02-18 14:00:00,0.19947215600000004,0.013245362000000002,-1.0026620518867835,-0.9258316313075662,-0.0768304205792173
584,2017-02-18 16:00:00,0.1922138783568,0.013497685680166398,-1.0050550065221386,-0.9231697228146781,-0.08188528370746051
585,2017-02-18 18:00:00,0.2397724000022535,0.013044640000122598,-0.9893756139146184,-0.9279491638191038,-0.06142645009551462
586,2017-02-18 20:00:00,0.2136797,0.01404988,-0.997978019400969,-0.9173443054431483,-0.08063371395782071
587,2017-02-18 22:00:00,0.21318623540357404,0.013931044558227,-0.9981407079135127,-0.9185979692748706,-0.07954273863864214
588,2017-02-19 00:00:00,0.2230375503911085,0.01329300002331,-0.9948928644136367,-0.9253290702370013,-0.06956379417663539
589,2017-02-19 02:00:00,0.22265929382835464,0.0136188227966056,-0.9950175704168636,-0.9218917772851866,-0.073125793131677
590,2017-02-19 04:00:00,0.22392404999788956,0.0124773599998824,-0.9946005976462893,-0.9339337287615979,-0.060666868884691416
591,2017-02-19 06:00:00,0.2223300900432393,0.0128101900813218,-0.9951261043917669,-0.9304225116618478,-0.0647035927299191
592,2017-02-19 08:00:00,0.24004557829415696,0.013149684650603998,-0.9892855507767745,-0.926840987023868,-0.06244456375290652
593,2017-02-19 10:00:00,0.2436759310023047,0.012899060000122002,-0.9880886732573433,-0.9294849714695814,-0.058603701787761864
594,2017-02-19 12:00:00,0.2731326019786,0.013026324094363998,-0.9783772126574733,-0.928142388906268,-0.05023482375120536
595,2017-02-19 14:00:00,0.26317186,0.013106799999999998,-0.981661132736171,-0.9272934020155248,-0.05436773072064616
596,2017-02-19 16:00:00,0.30919699300000003,0.012981512759999998,-0.9664872773438571,-0.9286151295996604,-0.03787214774419667
597,2017-02-19 18:00:00,0.29728468001412944,0.01388640000066,-0.9704146036295972,-0.9190689505433367,-0.05134565308626049
598,2017-02-19 20:00:00,0.3132295,0.0127444,-0.9651578150675288,-0.9311165692948958,-0.03404124577263301
599,2017-02-19 22:00:00,0.28189718660469604,0.013862061353308999,-0.975487649259795,-0.9193257130162299,-0.056161936243565136
600,2017-02-20 00:00:00,0.2786507418190527,0.0136540863704451,-0.9765579576001638,-0.9215197614417625,-0.05503819615840133
601,2017-02-20 02:00:00,0.27678024633698634,0.013562430749143196,-0.9771746343180095,-0.9224866896214863,-0.05468794469652327
602,2017-02-20 04:00:00,0.2795972959244427,0.013612015045005898,-0.9762458916879113,-0.9219635961956779,-0.0542822954922334
603,2017-02-20 06:00:00,0.27878000000000003,0.0137694,-0.9765153429499038,-0.9203032512447984,-0.05621209170510544
604,2017-02-20 08:00:00,0.2632114480652388,0.0138459523666859,-0.9816480810937739,-0.9194956560365425,-0.0621524250572314
605,2017-02-20 10:00:00,0.27115444990746,0.01442762331276,-0.9790293822768743,-0.9133592726800543,-0.06567010959681996
606,2017-02-20 12:00:00,0.24583719997227402,0.017289999998049997,-0.9873761325067448,-0.8831624048973964,-0.10421372760934844
607,2017-02-20 14:00:00,0.26042245284476545,0.016318180178254198,-0.9825675745836746,-0.8934146944572406,-0.08915288012643396
608,2017-02-20 16:00:00,0.2766399999974001,0.015076879999858303,-0.9772208716135363,-0.9065098882373747,-0.07071098337616166
609,2017-02-20 18:00:00,0.2958488129486728,0.0145385755714249,-0.9708879893168004,-0.9121887731080345,-0.05869921620876595
610,2017-02-20 20:00:00,0.2927012159925,0.014345084407499997,-0.9719257088828961,-0.9142300233474526,-0.057695685535443464
611,2017-02-20 22:00:00,0.28879551826770355,0.015238367060712002,-0.9732133638796161,-0.9048062677983635,-0.06840709608125262
612,2017-02-21 00:00:00,0.288345892327044,0.0136370261730384,-0.9733615993883369,-0.921699739334988,-0.05166186005334883
613,2017-02-21 02:00:00,0.2843739366026234,0.014091870000129998,-0.9746710987392031,-0.9169013286369734,-0.05776977010222972
614,2017-02-21 04:00:00,0.2831325840026028,0.0137497920001264,-0.9750803556737476,-0.9205101073803686,-0.054570248293378976
615,2017-02-21 06:00:00,0.2727725,0.013777600000000001,-0.9784959333431857,-0.9202167447003976,-0.05827918864278814
616,2017-02-21 08:00:00,0.27831076,0.01356166,-0.9766700449451003,-0.922494820700142,-0.05417522424495835
617,2017-02-21 10:00:00,0.2862868602133017,0.0135462400100928,-0.9740404340490006,-0.922657495095455,-0.05138293895354562
618,2017-02-21 12:00:00,0.27392001,0.01347276,-0.9781176150273814,-0.9234326782363895,-0.054684936790991845
619,2017-02-21 14:00:00,0.2656193070700025,0.013324680043010002,-0.9808542429892025,-0.9249948593795871,-0.0558593836096154
620,2017-02-21 16:00:00,0.28058976,0.01376694,-0.9759186898878736,-0.9203292032081186,-0.05558948667975494
621,2017-02-21 18:00:00,0.278798344,0.013982595,-0.9765092951845813,-0.9180541338382711,-0.058455161346310236
622,2017-02-21 20:00:00,0.28242984025172,0.013475220012009998,-0.9753120406545113,-0.9234067261463689,-0.0519053145081424
623,2017-02-21 22:00:00,0.27192256,0.01353527,-0.9787761469093723,-0.9227732240790123,-0.056002922830360014
624,2017-02-22 00:00:00,0.27459986146551096,0.0137019383264973,-0.9778934773192748,-0.9210149434709218,-0.05687853384835295
625,2017-02-22 02:00:00,0.26965042408460005,0.0134847667940375,-0.979525238972006,-0.9233060116191315,-0.056219227352874546
626,2017-02-22 04:00:00,0.26712033640416,0.0129405851593,-0.980359374195317,-0.9290468985395594,-0.051312475655757694
627,2017-02-22 06:00:00,0.2683827699,0.012962652,-0.9799431671784185,-0.9288141026694617,-0.05112906450895671
628,2017-02-22 08:00:00,0.2691422880865941,0.012831761956452005,-0.9796927644445207,-0.9301949374699258,-0.04949782697459493
629,2017-02-22 10:00:00,0.31026460594698896,0.012835148632650001,-0.966135299991123,-0.9301592094632315,-0.035976090527891524
630,2017-02-22 12:00:00,0.3007605338346768,0.012994988499770002,-0.9692686622753852,-0.9284729662239595,-0.040795696051425745
631,2017-02-22 14:00:00,0.3256650797180638,0.0130293199887202,-0.9610579749136398,-0.9281107834833234,-0.032947191430316325
632,2017-02-22 16:00:00,0.30950170604038657,0.013017114506325,-0.9663868176317477,-0.928239546179025,-0.038147271452722675
633,2017-02-22 18:00:00,0.3096824601872703,0.0139211196490886,-0.9663272254674756,-0.9187026728837797,-0.04762455258369591
634,2017-02-22 20:00:00,0.3067032,0.0138744,-0.9673094467085902,-0.919195545493325,-0.048113901215265154
635,2017-02-22 22:00:00,0.33276678000000004,0.014075,-0.9587166416877768,-0.9170793000290814,-0.04163734165869537
636,2017-02-23 00:00:00,0.30537000000000003,0.01410357,-0.9677489844717735,-0.9167778985688949,-0.05097108590287858
637,2017-02-23 02:00:00,0.30940356210853603,0.01404892355028,-0.9664191743406254,-0.9173543955846326,-0.0490647787559928
638,2017-02-23 04:00:00,0.31163159999999995,0.013955675999999998,-0.9656846207919442,-0.918338117944213,-0.04734650284773112
639,2017-02-23 06:00:00,0.3120215344334616,0.0137789214757766,-0.9655560647548366,-0.9202028036878436,-0.045353261066993
640,2017-02-23 08:00:00,0.3024183256938054,0.014994823451123998,-0.9687221110260716,-0.9073755502466989,-0.06134656077937273
641,2017-02-23 10:00:00,0.31441644,0.01437894,-0.9647664972212696,-0.9138728611138166,-0.05089363610745301
642,2017-02-23 12:00:00,0.3210007359972174,0.0153544159998669,-0.9625957450949918,-0.9035820003949895,-0.05901374470000231
643,2017-02-23 14:00:00,0.32404399999999994,0.014281081999999999,-0.9615924226733303,-0.9149052217750325,-0.04668720089829781
644,2017-02-23 16:00:00,0.33498451197490003,0.0145660506758741,-0.9579854858585032,-0.911898922334504,-0.0460865635239992
645,2017-02-23 18:00:00,0.3127659499973245,0.014413769999876704,-0.9653106411486116,-0.9135054192929857,-0.05180522185562597
646,2017-02-23 20:00:00,0.31793264,0.0145991863,-0.9636072542847972,-0.9115493554638096,-0.05205789882098766
647,2017-02-23 22:00:00,0.29460024,0.01464804,-0.971299626701312,-0.911033969516469,-0.060265657184843
648,2017-02-24 00:00:00,0.29698740000500395,0.01483750000025,-0.9705126127731991,-0.9090352463550302,-0.06147736641816892
649,2017-02-24 02:00:00,0.3052506600025311,0.0148699800001233,-0.9677883292329088,-0.9086925960439111,-0.059095733188997746
650,2017-02-24 04:00:00,0.2991937499975375,0.014980949999876703,-0.9697852094274763,-0.907521909310884,-0.06226330011659231
651,2017-02-24 06:00:00,0.2864363039926752,0.014558791499627697,-0.9739911644836634,-0.9119755035847811,-0.06201566089888233
652,2017-02-24 08:00:00,0.29945079999241,0.0139901519996454,-0.969700463568061,-0.9179744106766415,-0.051726052891419516
653,2017-02-24 10:00:00,0.29568954657451,0.0141066119650369,-0.9709404972569818,-0.9167458071196839,-0.05419469013729794
654,2017-02-24 12:00:00,0.2982481012953202,0.0143997500625395,-0.9700969768407149,-0.9136533237236877,-0.05644365311702726
655,2017-02-24 14:00:00,0.26184686,0.01423224,-0.9820979670717679,-0.9154204842923037,-0.06667748277946417
656,2017-02-24 16:00:00,0.2749800000022915,0.013920000000115998,-0.9777681508550112,-0.9187144847086043,-0.05905366614640695
657,2017-02-24 18:00:00,0.2665359601738812,0.0135918751550424,-0.980552035027236,-0.9221760635475503,-0.05837597147968565
658,2017-02-24 20:00:00,0.2707040322325542,0.013644784074401398,-0.9791778788095222,-0.9216178967449008,-0.05755998206462143
659,2017-02-24 22:00:00,0.2635110255482673,0.0143048502980348,-0.9815493145045221,-0.9146544762470717,-0.06689483825745035
660,2017-02-25 00:00:00,0.25775705,0.01374546,-0.9834463213616303,-0.9205558081561344,-0.06289051320549599
661,2017-02-25 02:00:00,0.2523715798512087,0.0137342659082289,-0.9852218370403658,-0.9206739011069663,-0.06454793593339947
662,2017-02-25 04:00:00,0.24754412737404,0.01392641728569,-0.9868133819426221,-0.918646785050136,-0.06816659689248616
663,2017-02-25 06:00:00,0.258116927,0.01396058,-0.9833276748482781,-0.91828638281083,-0.06504129203744813
664,2017-02-25 08:00:00,0.2714460000023,0.014091588000119396,-0.9789332622074609,-0.9169043036182464,-0.06202895858921453
665,2017-02-25 10:00:00,0.26545185,0.01347345,-0.9809094512895161,-0.9234253990271656,-0.05748405226235054
666,2017-02-25 12:00:00,0.26321204016886995,0.015875020010185002,-0.9816478858853238,-0.8980898474762328,-0.08355803840909104
667,2017-02-25 14:00:00,0.2612050913784364,0.0155683617263218,-0.9823095493883021,-0.9013249631407301,-0.08098458624757199
668,2017-02-25 16:00:00,0.25268672511058504,0.014715400006440003,-0.9851179379686704,-0.9103233498350131,-0.07479458813365736
669,2017-02-25 18:00:00,0.253075285,0.014743033,-0.9849898350998915,-0.9100318333979003,-0.07495800170199118
670,2017-02-25 20:00:00,0.25288549,0.0167765,-0.9850524079094949,-0.8885796134804588,-0.09647279442903611
671,2017-02-25 22:00:00,0.25198815,0.016142,-0.9853482486058758,-0.8952733210929338,-0.090074927512942
672,2017-02-26 00:00:00,0.2488049999978175,0.0167123999998534,-0.9863976895238445,-0.8892558414693335,-0.09714184805451109
673,2017-02-26 02:00:00,0.24027002743123385,0.016127729827575803,-0.9892115529732497,-0.8954238653983508,-0.09378768757489886
674,2017-02-26 04:00:00,0.24813223838706056,0.0157985517042408,-0.9866194898040334,-0.8988965558790881,-0.08772293392494523
675,2017-02-26 06:00:00,0.25043487,0.01614389,-0.985860343727986,-0.8952533823894072,-0.09060696133857882
676,2017-02-26 08:00:00,0.24581466006282,0.01561287000399,-0.9873835636058926,-0.9008554195677658,-0.08652814403812681
677,2017-02-26 10:00:00,0.24554000815281102,0.015614066977922003,-0.9874741125754242,-0.9008427919972055,-0.08663132057821865
678,2017-02-26 12:00:00,0.24405213,0.01557108,-0.987964645605109,-0.9012962864989451,-0.08666835910616388
679,2017-02-26 14:00:00,0.24747868429,0.01545640684,-0.9868349576302721,-0.9025060400120082,-0.08432891761826389
680,2017-02-26 16:00:00,0.24317014552371,0.0157649437339526,-0.9882554237958312,-0.8992511058027414,-0.08900431799308983
681,2017-02-26 18:00:00,0.234843482,0.014558839999999997,-0.9910006106095061,-0.9119749919262921,-0.079025618683214
682,2017-02-26 20:00:00,0.23481999999999997,0.014382725,-0.9910083523029917,-0.9138329309588705,-0.07717542134412114
683,2017-02-26 22:00:00,0.23582358,0.01456065,-0.9906774857350533,-0.9119558971890525,-0.07872158854600086
684,2017-02-27 00:00:00,0.2720397899726364,0.0147693399985144,-0.9787374977944978,-0.909754305649725,-0.06898319214477278
685,2017-02-27 02:00:00,0.28292242509522003,0.014666090004936,-0.9751496421844468,-0.9108435495709287,-0.06430609261351805
686,2017-02-27 04:00:00,0.2816494194410673,0.0144771412028901,-0.9755693346970075,-0.9128368798067406,-0.06273245489026691
687,2017-02-27 06:00:00,0.278761869439536,0.0146255164493362,-0.9765213203471371,-0.9112715834842203,-0.0652497368629168
688,2017-02-27 08:00:00,0.27846334899999997,0.014633515,-0.9766197384436405,-0.9111872021454228,-0.06543253629821766
689,2017-02-27 10:00:00,0.2683982007711829,0.014694413393803998,-0.9799380798317311,-0.9105447497542593,-0.06939333007747184
690,2017-02-27 12:00:00,0.26653932944000003,0.014605055979999997,-0.9805509242263857,-0.9114874328133782,-0.0690634914130075
691,2017-02-27 14:00:00,0.26936248000228075,0.014679830000124296,-0.9796201701885261,-0.9106985984119259,-0.06892157177660019
692,2017-02-27 16:00:00,0.2697615,0.01480413,-0.9794886187654366,-0.9093872857950644,-0.07010133297037213
693,2017-02-27 18:00:00,0.28379136,0.014721200000000002,-0.9748631662585551,-0.9102621623471566,-0.06460100391139845
694,2017-02-27 20:00:00,0.2860543800072053,0.0147088500003705,-0.9741170795858832,-0.9103924496387784,-0.06372462994710482
695,2017-02-27 22:00:00,0.27430137600000004,0.014151414,-0.9779918838853215,-0.9162731645310521,-0.061718719354269425
696,2017-02-28 00:00:00,0.276773082201252,0.014233428061776004,-0.9771769962353481,-0.9154079507412333,-0.06176904549411488
697,2017-02-28 02:00:00,0.27306125402511605,0.014269093072452003,-0.9784007350996291,-0.9150316999083556,-0.06336903519127346
698,2017-02-28 04:00:00,0.2759109134440509,0.0144180049186923,-0.9774612414551401,-0.9134607426841375,-0.06400049877100267
699,2017-02-28 06:00:00,0.2829964876193465,0.014445795776216797,-0.9751252247855642,-0.9131675608487254,-0.06195766393683877
700,2017-02-28 08:00:00,0.27902398797661004,0.014565553198779004,-0.9764349034588427,-0.9119041705082132,-0.0645307329506295
701,2017-02-28 10:00:00,0.2841738128956896,0.0144184897746464,-0.9747370767818866,-0.9134556276581471,-0.06128144912373945
702,2017-02-28 12:00:00,0.2829741356423863,0.0141943611601197,-0.975132593925945,-0.915820090090347,-0.05931250383559794
703,2017-02-28 14:00:00,0.293488687,0.014188235,-0.9716660904871502,-0.9158847184979568,-0.05578137198919342
704,2017-02-28 16:00:00,0.28389737992866904,0.014411579996379003,-0.9748282129414982,-0.913528522906987,-0.06129969003451119
705,2017-02-28 18:00:00,0.2821278563952888,0.0148992635997512,-0.9754116005920849,-0.9083836664083713,-0.06702793418371356
706,2017-02-28 20:00:00,0.2767453200023178,0.0147697800001237,-0.9771861490517453,-0.90974966381817,-0.06743648523357526
707,2017-02-28 22:00:00,0.2860945504852743,0.0141726000240396,-0.9741038359299604,-0.916049660905533,-0.058054175024427446
708,2017-03-01 00:00:00,0.2776389,0.0142681,-0.9768915479765827,-0.9150421764042289,-0.06184937157235382
709,2017-03-01 02:00:00,0.2872896591978245,0.014969572599547,-0.973709824971158,-0.9076419360897604,-0.06606788888139759
710,2017-03-01 04:00:00,0.288335594253871,0.0146019932108674,-0.9733649945218859,-0.9115197437370315,-0.061845250784854366
711,2017-03-01 06:00:00,0.28735344,0.0144342,-0.9736887973150508,-0.913289891401184,-0.06039890591386676
712,2017-03-01 08:00:00,0.2853865611361119,0.0146150014991256,-0.9743372503125649,-0.9113825117777893,-0.06295473853477562
713,2017-03-01 10:00:00,0.28219380082997997,0.0143912847047476,-0.9753898596159984,-0.9137426296809674,-0.06164722993503102
714,2017-03-01 12:00:00,0.28389245401040397,0.014270569076722504,-0.974829836949221,-0.9150161286853115,-0.059813708263909526
715,2017-03-01 14:00:00,0.28286308,0.01423103,-0.9751692074487799,-0.915433249282392,-0.05973595816638788
716,2017-03-01 16:00:00,0.2902861000071265,0.0142240800003492,-0.9727219395144886,-0.915506568849877,-0.057215370664611576
717,2017-03-01 18:00:00,0.28420000006496,0.0142835000032648,-0.9747284432311777,-0.9148797128595707,-0.059848730371606984
718,2017-03-01 20:00:00,0.28274699999999997,0.01431848,-0.975207477433441,-0.9145106886350935,-0.0606967887983475
719,2017-03-01 22:00:00,0.25851066,0.01436376,-0.9831978664758573,-0.9140330037167438,-0.06916486275911349
720,2017-03-02 00:00:00,0.25256826113305497,0.014111260063305,-0.9851569939180415,-0.9166967716417317,-0.06846022227630977
721,2017-03-02 02:00:00,0.2547400226777952,0.0138609975968919,-0.9844409939093837,-0.919336935198148,-0.0651040587112357
722,2017-03-02 04:00:00,0.26159354,0.01384526,-0.9821814832030081,-0.9195029602133054,-0.06267852298970278
723,2017-03-02 06:00:00,0.2513332499938449,0.0141732499996529,-0.9855641601598917,-0.9160428039367218,-0.0695213562231699
724,2017-03-02 08:00:00,0.2571400909979157,0.0140148319998864,-0.9836497242867368,-0.9177140470746099,-0.0659356772121269
725,2017-03-02 10:00:00,0.2499763499959518,0.0137825999997768,-0.9860115114874775,-0.920163996809825,-0.06584751467765249
726,2017-03-02 12:00:00,0.24043061825146606,0.013921744179193,-0.989158608381356,-0.9186960843543643,-0.07046252402699171
727,2017-03-02 14:00:00,0.2625000000021,0.0143625000001149,-0.981882635766961,-0.9140462961845495,-0.06783633958241153
728,2017-03-02 16:00:00,0.24844326430971,0.013714272880536,-0.9865169488211851,-0.9208848191237738,-0.06563212969741128
729,2017-03-02 18:00:00,0.24428772999422266,0.0138773899996718,-0.9878869715168501,-0.9191640022568169,-0.06872296926003318
730,2017-03-02 20:00:00,0.23708268,0.01284418,-0.9902623777260343,-0.9300639323436386,-0.060198445382395716
731,2017-03-02 22:00:00,0.2285183037,0.012810817400000002,-0.9930859351832514,-0.9304158937141538,-0.0626700414690976
732,2017-03-03 00:00:00,0.220655908,0.01342066,-0.995678059260089,-0.923982311280692,-0.07169574797939704
733,2017-03-03 02:00:00,0.2239502157976156,0.0131615620742716,-0.9945919711408262,-0.9267156852094937,-0.06787628593133255
734,2017-03-03 04:00:00,0.2333956993924517,0.0128706700705341,-0.9914779246875869,-0.9297844732628048,-0.06169345142478211
735,2017-03-03 06:00:00,0.24314688004607998,0.0129425058024528,-0.9882630941048598,-0.9290266365636842,-0.05923645754117557
736,2017-03-03 08:00:00,0.24777987639000001,0.013782675343,-0.9867356587239394,-0.920163201970571,-0.06657245675336843
737,2017-03-03 10:00:00,0.259594095,0.01376118,-0.9828406728091498,-0.920389968780771,-0.06245070402837882
738,2017-03-03 12:00:00,0.2524119690019749,0.015043237000117704,-0.9852085212910523,-0.906864807706989,-0.07834371358406333
739,2017-03-03 14:00:00,0.26849750000422,0.0144810500002276,-0.9799053422358903,-0.912795643642054,-0.06710969859383631
740,2017-03-03 16:00:00,0.2598113961652242,0.0146230762746706,-0.9827690315939535,-0.9112973262986173,-0.0714717052953362
741,2017-03-03 18:00:00,0.2552841397286442,0.0145760565208636,-0.9842616059770103,-0.9117933648864734,-0.07246824109053684
742,2017-03-03 20:00:00,0.2563424855132064,0.0141151577528412,-0.9839126838806851,-0.9166556526596679,-0.06725703122101723
743,2017-03-03 22:00:00,0.25501410000198005,0.0142704860001108,-0.9843506343729214,-0.9150170051085552,-0.06933362926436615
744,2017-03-04 00:00:00,0.2583094377033126,0.013772392182331202,-0.983264206708522,-0.9202716849821534,-0.0629925217263686
745,2017-03-04 02:00:00,0.25906524840378004,0.01387139202162,-0.9830150262819743,-0.9192272783976281,-0.06378774788434627
746,2017-03-04 04:00:00,0.24523540415028303,0.014088536809260897,-0.9875745363392464,-0.9169364923959873,-0.07063804394325912
747,2017-03-04 06:00:00,0.2450305911286995,0.0137672025016125,-0.9876420603846842,-0.9203264339267289,-0.0673156264579553
748,2017-03-04 08:00:00,0.2548366930465992,0.0142301752098297,-0.9844091230140414,-0.9154422669584676,-0.06896685605557373
749,2017-03-04 10:00:00,0.250607175,0.013375425,-0.9858035371316124,-0.9244595214680054,-0.06134401566360703
750,2017-03-04 12:00:00,0.25005300002549563,0.0140505000014326,-0.9859862410235309,-0.917337764689312,-0.06864847633421889
751,2017-03-04 14:00:00,0.24786216,0.01358097,-0.9867085309457472,-0.9222911083376568,-0.06441742260809036
752,2017-03-04 16:00:00,0.24576431614743502,0.013277124007965,-0.9874001613046312,-0.9254965555085073,-0.06190360579612386
753,2017-03-04 18:00:00,0.2435757500019255,0.0135481500001071,-0.9881217015597887,-0.9226373455057018,-0.06548435605408698
754,2017-03-04 20:00:00,0.24423672,0.013546200000000001,-0.9879037888126503,-0.9226579171850733,-0.065245871627577
755,2017-03-04 22:00:00,0.2444450399652996,0.013592959998070402,-0.9878351085759458,-0.9221646189107735,-0.0656704896651723
756,2017-03-05 00:00:00,0.2555780797520812,0.0135802799868267,-0.9841646979809021,-0.9222983876858535,-0.06186631029504863
757,2017-03-05 02:00:00,0.2427390000019265,0.013230000000104998,-0.9883975665637965,-0.9259936939326883,-0.06240387263110825
758,2017-03-05 04:00:00,0.243092994351882,0.0133250039987328,-0.9882808594795187,-0.9249914417832312,-0.06328941769628749
759,2017-03-05 06:00:00,0.24236742981393886,0.013125943950105,-0.9885200681609264,-0.927091441409456,-0.06142862675147043
760,2017-03-05 08:00:00,0.2444227100019507,0.0133695100001067,-0.987842470458741,-0.9245219222242126,-0.06332054823452837
761,2017-03-05 10:00:00,0.24772842278790105,0.013255654718007005,-0.986752622271175,-0.9257230474700933,-0.06102957480108173
762,2017-03-05 12:00:00,0.2454337600077792,0.012897640000408802,-0.987509141132287,-0.9294999518681472,-0.05800918926413989
763,2017-03-05 14:00:00,0.24764942,0.01332831,-0.986778668407298,-0.9249565648630594,-0.06182210354423856
764,2017-03-05 16:00:00,0.26085647823464103,0.013067069450752,-0.9824244823626794,-0.92771254256706,-0.05471193979561939
765,2017-03-05 18:00:00,0.2680051227363153,0.0131513605903099,-0.9800676722711266,-0.926823306566236,-0.05324436570489055
766,2017-03-05 20:00:00,0.27269305034328,0.013218400016639998,-0.9785221268058323,-0.9261160688698423,-0.05240605793598996
767,2017-03-05 22:00:00,0.2815500398872065,0.0131173098121028,-0.9756020987735227,-0.927182527926828,-0.04841957084669468
768,2017-03-06 00:00:00,0.27543265,0.01321207,-0.977618918356138,-0.9261828478778332,-0.051436070478304785
769,2017-03-06 02:00:00,0.28566627824,0.01316475652,-0.9742450314180502,-0.926681985153245,-0.04756304626480523
770,2017-03-06 04:00:00,0.2860559462707057,0.013043772995506702,-0.9741165632102791,-0.927958310352433,-0.04615825285784603
771,2017-03-06 06:00:00,0.2976512538968824,0.0130856842158421,-0.9702937492458089,-0.9275161646398923,-0.04277758460591663
772,2017-03-06 08:00:00,0.29462917590000004,0.013037709240000002,-0.9712900869317638,-0.928022280417674,-0.04326780651408979
773,2017-03-06 10:00:00,0.3039265222563812,0.0137057604935952,-0.968224879295232,-0.9209746212187557,-0.047250258076476315
774,2017-03-06 12:00:00,0.3072895999927979,0.013299199999688302,-0.9671161186699124,-0.9252636630989705,-0.04185245557094197
775,2017-03-06 14:00:00,0.30624285603119994,0.013270523761352,-0.9674612158042558,-0.9255661853288346,-0.0418950304754212
776,2017-03-06 16:00:00,0.3252305840532567,0.0132329289698606,-0.9612012221778327,-0.9259627945360772,-0.03523842764175544
777,2017-03-06 18:00:00,0.3309337919896324,0.0130488959995912,-0.9593209527063927,-0.92790426481825,-0.03141668788814278
778,2017-03-06 20:00:00,0.3230864,0.01307124,-0.9619081302656077,-0.9276685450300238,-0.0342395852355839
779,2017-03-06 22:00:00,0.310563621719866,0.013150944057071998,-0.9660367185900078,-0.9268277008163627,-0.03920901777364516
780,2017-03-07 00:00:00,0.31170509,0.013237649999999998,-0.9656603921464174,-0.9259129896576173,-0.039747402488800154
781,2017-03-07 02:00:00,0.31155895084491,0.013116925874718,-0.9657085722224312,-0.9271865783044408,-0.03852199391799038
782,2017-03-07 04:00:00,0.3047249699735857,0.0132737399988494,-0.9679616420287763,-0.9255322553786063,-0.04242938665017004
783,2017-03-07 06:00:00,0.30553439999519594,0.0132033599997924,-0.9676947840471142,-0.9262747347095028,-0.04142004933761134
784,2017-03-07 08:00:00,0.2837754399954992,0.0127865399997972,-0.9748684148657919,-0.930672010055444,-0.04419640481034792
785,2017-03-07 10:00:00,0.27779301,0.012194622000000002,-0.9768407400222743,-0.9369164955104534,-0.03992424451182086
786,2017-03-07 12:00:00,0.3081291192809865,0.0126173828630631,-0.9668393406695528,-0.9324565465627119,-0.034382794106840864
787,2017-03-07 14:00:00,0.2935028699999999,0.0125400178,-0.9716614145464849,-0.9332727153752652,-0.038388699171219676
788,2017-03-07 16:00:00,0.29565334875,0.01281152,-0.9709524311834873,-0.9304084815802396,-0.0405439496032477
789,2017-03-07 18:00:00,0.30830246640000003,0.0126626013,-0.9667821905008267,-0.9319795111087343,-0.03480267939209236
790,2017-03-07 20:00:00,0.3019216549127324,0.0129781099962488,-0.9688858565737398,-0.9286510273232613,-0.0402348292504785
791,2017-03-07 22:00:00,0.3014986362,0.0125219142,-0.9690253200441713,-0.933463700726145,-0.03556161931802626
792,2017-03-08 00:00:00,0.3000362400024216,0.012885600000104,-0.9695074520225476,-0.9296269687975316,-0.03988048322501603
793,2017-03-08 02:00:00,0.293306219553526,0.012123163858079098,-0.9717262475028096,-0.937670348794219,-0.034055898708590604
794,2017-03-08 04:00:00,0.2853620912306898,0.0123068165121861,-0.974345317704925,-0.9357328906872887,-0.03861242701763634
795,2017-03-08 06:00:00,0.28351644670385845,0.0120014373980468,-0.9749538014035111,-0.9389545116502596,-0.03599928975325151
796,2017-03-08 08:00:00,0.3221499241578375,0.0123657172765938,-0.962216873512637,-0.9351115124444259,-0.027105361068211042
797,2017-03-08 10:00:00,0.3133716080103972,0.012887864000427598,-0.9651109640046572,-0.9296030845482003,-0.03550787945645695
798,2017-03-08 12:00:00,0.31200000000260003,0.0122760000001023,-0.9655631643614765,-0.9360579919032465,-0.029505172458230033
799,2017-03-08 14:00:00,0.30550485000000005,0.0125136,-0.9677045262754298,-0.9335514120324202,-0.0341531142430096
800,2017-03-08 16:00:00,0.3112564000993928,0.012173700003887402,-0.9658083190555651,-0.937137213752608,-0.028671105302957134
801,2017-03-08 18:00:00,0.32676081176411537,0.0120570313542107,-0.960696727079429,-0.938368018840832,-0.022328708238597006
802,2017-03-08 20:00:00,0.31834467,0.01179486,-0.9634714136423096,-0.9411338161449344,-0.022337597497375183
803,2017-03-08 22:00:00,0.33020844007203504,0.0118611000025875,-0.9595600912897871,-0.9404350120321364,-0.019125079257650723
804,2017-03-09 00:00:00,0.313121580027323,0.011861100001034998,-0.9651933948030473,-0.9404350120485147,-0.024758382754532682
805,2017-03-09 02:00:00,0.3115757,0.01168265,-0.965703050255612,-0.9423175843580089,-0.02338546589760304
806,2017-03-09 04:00:00,0.3116851212148144,0.0117619200458429,-0.9656669755811413,-0.9414813187799163,-0.024185656801225086
807,2017-03-09 06:00:00,0.3053929889454609,0.0121705649978265,-0.96774140533161,-0.9371702867454134,-0.030571118586196655
808,2017-03-09 08:00:00,0.32930015044199396,0.012021172801533002,-0.9598595419290843,-0.9387463114602662,-0.02111323046881808
809,2017-03-09 10:00:00,0.32052256,0.01193696,-0.9627533931659675,-0.9396347210279404,-0.023118672138027097
810,2017-03-09 12:00:00,0.31889051997015155,0.0120222959988747,-0.9632914543901989,-0.9387344622016429,-0.024556992188556004
811,2017-03-09 14:00:00,0.33009117,0.01226404,-0.9595987536248837,-0.9361841648642079,-0.023414588760675814
812,2017-03-09 16:00:00,0.3221379804946442,0.0120415294997998,-0.9622208111746562,-0.9385315568721602,-0.02368925430249602
813,2017-03-09 18:00:00,0.32345999999999997,0.012,-0.9617849594672839,-0.938969675593913,-0.02281528387337095
814,2017-03-09 20:00:00,0.3080879999974326,0.0119519999999004,-0.966852897133637,-0.9394760553670658,-0.02737684176657118
815,2017-03-09 22:00:00,0.3452056844680626,0.0119052896917246,-0.954615705409392,-0.9399688294339176,-0.014646875975474427
816,2017-03-10 00:00:00,0.33103938999999993,0.011977966000000001,-0.959286138490016,-0.9392021250084649,-0.02008401348155109
817,2017-03-10 02:00:00,0.3122640000286242,0.011772000001079098,-0.9654761271720683,-0.941374979500014,-0.02410114767205429
818,2017-03-10 04:00:00,0.3016641004977205,0.0112833000186165,-0.9689707687335601,-0.9465305583697166,-0.022440210363843582
819,2017-03-10 06:00:00,0.3001482,0.010989,-0.9694705403462036,-0.949635299543814,-0.01983524080238963
820,2017-03-10 08:00:00,0.30117282379807303,0.011145718988767001,-0.9691327359265297,-0.9479819802559826,-0.02115075567054714
821,2017-03-10 10:00:00,0.29732083524,0.01120766735,-0.9704026837472791,-0.9473284511509145,-0.023074232596364652
822,2017-03-10 12:00:00,0.28949610976452,0.011592611583955198,-0.9729823884675128,-0.9432674517037841,-0.029714936763728717
823,2017-03-10 14:00:00,0.28891999999999995,0.0111352,-0.9731723239589959,-0.9480929511546196,-0.025079372804376332
824,2017-03-10 16:00:00,0.3019506599975921,0.0111480599999111,-0.968876293994892,-0.9479572835749485,-0.020919010419943485
825,2017-03-10 18:00:00,0.26565,0.011081400000000002,-0.9808441239509512,-0.9486605184825173,-0.03218360546843391
826,2017-03-10 20:00:00,0.2512831299977244,0.0110093724999003,-0.9855806840355185,-0.9494203782551334,-0.036160305780385094
827,2017-03-10 22:00:00,0.268233,0.01061802,-0.9799925442612554,-0.9535489822074482,-0.026443562053807157
828,2017-03-11 00:00:00,0.2595407608031205,0.011045256788444998,-0.9828582563627034,-0.9490418141331478,-0.0338164422295556
829,2017-03-11 02:00:00,0.2742045998467328,0.0104309499941696,-0.978023789656351,-0.9555224919349387,-0.022501297721412294
830,2017-03-11 04:00:00,0.2817202699,0.0105339582,-0.9755459762719851,-0.9544357987725836,-0.021110177499401583
831,2017-03-11 06:00:00,0.2757605699929473,0.0109440899997201,-0.977510807629913,-0.9501090811210399,-0.02740172650887318
832,2017-03-11 08:00:00,0.276722610681636,0.0105511925781,-0.9771936360034523,-0.9542539833464461,-0.02293965265700626
833,2017-03-11 10:00:00,0.27645039999765725,0.011209999999905,-0.9772833801342283,-0.9473038426774293,-0.029979537456799044
834,2017-03-11 12:00:00,0.27423424,0.01092876,-0.9780140177041551,-0.9502708061578021,-0.027743211546352953
835,2017-03-11 14:00:00,0.28726081804835996,0.011012852701854,-0.9737193335027536,-0.9493836635911297,-0.024335669911623947
836,2017-03-11 16:00:00,0.2865637133975817,0.0110440135999068,-0.9739491593495192,-0.9490549292483281,-0.024894230101191073
837,2017-03-11 18:00:00,0.2866765,0.010763,-0.9739119751528915,-0.9520195043041282,-0.021892470848763335
838,2017-03-11 20:00:00,0.26793191390000004,0.0106045022,-0.9800918082208411,-0.9536915893008507,-0.026400218919990337
839,2017-03-11 22:00:00,0.2740828324857026,0.0107865917955018,-0.978063934685976,-0.9517706208035097,-0.02629331388246625
840,2017-03-12 00:00:00,0.2757871200443688,0.0108415800017442,-0.9775020544419336,-0.951190518400482,-0.026311536041451644
841,2017-03-12 02:00:00,0.2829996002467176,0.0107406000093636,-0.9751241985949909,-0.9522558147656605,-0.02286838382933043
842,2017-03-12 04:00:00,0.27659586414838355,0.0107752373979892,-0.9772354225978995,-0.9518904049123594,-0.025345017685540094
843,2017-03-12 06:00:00,0.27520926005865504,0.010721220002285002,-0.9776925669573505,-0.952460265673323,-0.025232301284027536
844,2017-03-12 08:00:00,0.27206604,0.01122408,-0.9787288435203373,-0.9471553046099438,-0.031573538910393495
845,2017-03-12 10:00:00,0.276618267753374,0.010785252005979998,-0.9772280364364647,-0.9517847550183579,-0.02544328141810681
846,2017-03-12 12:00:00,0.26566408596,0.010962351399999999,-0.9808394800030433,-0.9499164310437065,-0.03092304895933684
847,2017-03-12 14:00:00,0.278817,0.01136994,-0.9765031445571362,-0.9456165430774686,-0.030886601479667597
848,2017-03-12 16:00:00,0.2774613236847788,0.011450243404323998,-0.9769500924533204,-0.9447693760028724,-0.032180716450448066
849,2017-03-12 18:00:00,0.275882760499,0.01115842091,-0.9774705230951751,-0.9478479803397487,-0.029622542755426418
850,2017-03-12 20:00:00,0.2936859036324033,0.0110714196600906,-0.9716010708670866,-0.9487658068627012,-0.022835264004385403
851,2017-03-12 22:00:00,0.28883596,0.011117552,-0.9732000307948928,-0.9482791301174958,-0.02492090067739705
852,2017-03-13 00:00:00,0.289857360011895,0.011063072000453998,-0.972863289213327,-0.9488538711540423,-0.024009418059284693
853,2017-03-13 02:00:00,0.2950892999976009,0.012176999999901,-0.9711383903246184,-0.9371024001853308,-0.0340359901392876
854,2017-03-13 04:00:00,0.2905409452475967,0.011678215499903402,-0.9726379205323747,-0.9423643664652653,-0.03027355406710941
855,2017-03-13 06:00:00,0.2947437957864806,0.011449199059436,-0.9712522983265132,-0.9447803934013387,-0.026471904925174483
856,2017-03-13 08:00:00,0.29319446,0.01152346,-0.9717630930954972,-0.9439969717730285,-0.027766121322468695
857,2017-03-13 10:00:00,0.292265768,0.011495672,-0.9720692701164739,-0.9442901234627613,-0.027779146653712616
858,2017-03-13 12:00:00,0.2849586303951981,0.0119354400165528,-0.9744783332113487,-0.9396507562127654,-0.0348275769985833
859,2017-03-13 14:00:00,0.28543036000000005,0.013158488000000001,-0.974322810427579,-0.9267481153975995,-0.047574695029979464
860,2017-03-13 16:00:00,0.29207304,0.01281087,-0.972132809895969,-0.9304153388063202,-0.04171747108964874
861,2017-03-13 18:00:00,0.292608700004754,0.012679300000206,-0.9719562101357557,-0.9318033468586362,-0.04015286327711953
862,2017-03-13 20:00:00,0.2982324,0.0133424,-0.9701021533425334,-0.9248079213007901,-0.04529423204174321
863,2017-03-13 22:00:00,0.30458651000000003,0.01214734,-0.968007290383922,-0.9374153006851312,-0.030591989698790734
864,2017-03-14 00:00:00,0.30011596,0.01199622,-0.9694811694322262,-0.939009553000966,-0.030471616431260173
865,2017-03-14 02:00:00,0.2828574230160363,0.0120136310006811,-0.9751710724788412,-0.9388258742810291,-0.03634519819781201
866,2017-03-14 04:00:00,0.2838466392522,0.012170108496435001,-0.974844941446927,-0.9371751026427173,-0.03766983880420971
867,2017-03-14 06:00:00,0.28549862003260185,0.0119044600013594,-0.9743003060306057,-0.9399775823176267,-0.03432272371297895
868,2017-03-14 08:00:00,0.29368291072011,0.0122157298855668,-0.9716020575892398,-0.9366938162128936,-0.03490824137634618
869,2017-03-14 10:00:00,0.3029324145867445,0.012109882369773999,-0.9685526229657057,-0.9378104628988255,-0.03074216006688013
870,2017-03-14 12:00:00,0.30498676,0.012117109,-0.9678753334459427,-0.9377342249953482,-0.030141108450594478
871,2017-03-14 14:00:00,0.29031012508177745,0.011555250003254998,-0.9727140187767356,-0.9436616006354579,-0.02905241814127768
872,2017-03-14 16:00:00,0.29548755499764273,0.012096274999903504,-0.9710070911107758,-0.9379540149166158,-0.03305307619415998
873,2017-03-14 18:00:00,0.287356000138624,0.012101687505838,-0.9736879532724433,-0.9378969152599155,-0.03579103801252781
874,2017-03-14 20:00:00,0.295861659939648,0.0119913627324024,-0.970883753839995,-0.9390607951271975,-0.0318229587127975
875,2017-03-14 22:00:00,0.2930152618312465,0.0120219677623495,-0.9718221722751105,-0.9387379249586603,-0.03308424731645021
876,2017-03-15 00:00:00,0.306005,0.01209032,-0.967539633676978,-0.9380168376560741,-0.029522796020903908
877,2017-03-15 02:00:00,0.30760867684953985,0.012130271426296997,-0.9670109234044642,-0.9375953669447528,-0.02941555645971139
878,2017-03-15 04:00:00,0.303425,0.0124125,-0.9683902243078008,-0.9346179744274102,-0.033772249880390515
879,2017-03-15 06:00:00,0.3011104799975988,0.0121387199999032,-0.9691532898228759,-0.937506238053559,-0.031647051769316814
880,2017-03-15 08:00:00,0.2983946300023929,0.0122580100000983,-0.9700486683347527,-0.9362477788220412,-0.03380088951271143
881,2017-03-15 10:00:00,0.2991125000023929,0.0116125000000929,-0.9698119964370207,-0.9430576372947991,-0.026754359142221573
882,2017-03-15 12:00:00,0.2879725200023001,0.0124574000000995,-0.9734846951252498,-0.9341442983478735,-0.03934039677737633
883,2017-03-15 14:00:00,0.29585370000000005,0.012073100000000002,-0.9708863781229744,-0.9381985013993157,-0.03268787672365869
884,2017-03-15 16:00:00,0.2854067977209668,0.0121431075535474,-0.9743305785879612,-0.9374599512115915,-0.0368706273763697
885,2017-03-15 18:00:00,0.2814772502295,0.0123099384100368,-0.9756260965257963,-0.9356999559805769,-0.03992614054521948
886,2017-03-15 20:00:00,0.28579408,0.012478509,-0.9742028969298103,-0.9339216072945626,-0.040281289635247686
887,2017-03-15 22:00:00,0.284560967354652,0.01204809599808,-0.9746094372642607,-0.9384622830825218,-0.03614715418173897
888,2017-03-16 00:00:00,0.28617923809217605,0.0124828181650346,-0.9740759155869458,-0.9338761474193924,-0.04019976816755344
889,2017-03-16 02:00:00,0.26741750000000003,0.01182125,-0.9802614034315794,-0.9408554127660641,-0.03940599066551531
890,2017-03-16 04:00:00,0.26107184,0.0112644,-0.9823534805410316,-0.9467299456013781,-0.03562353493965342
891,2017-03-16 06:00:00,0.2650626,0.0117007,-0.9810377816782944,-0.9421271644645415,-0.038910617213752885
892,2017-03-16 08:00:00,0.2612248099978429,0.011746699999903,-0.9823030484298059,-0.9416418838506334,-0.04066116457917246
893,2017-03-16 10:00:00,0.26194122000000003,0.011669099999999998,-0.9820668578733475,-0.942460531147842,-0.03960632672550546
894,2017-03-16 12:00:00,0.2544158100021219,0.0119900000001,-0.984547882383927,-0.9390751713787125,-0.04547271100521444
895,2017-03-16 14:00:00,0.25650143996817604,0.011751479998542001,-0.9838602787759855,-0.9415914568793531,-0.04226882189663239
896,2017-03-16 16:00:00,0.2525314948179282,0.0118720762599026,-0.9851691152681099,-0.9403192171430166,-0.044849898125093324
897,2017-03-16 18:00:00,0.2430109199629776,0.0116732199982216,-0.988307918280384,-0.9424170669028312,-0.04589085137755278
898,2017-03-16 20:00:00,0.23792635411604,0.01195357333566,-0.9899842299358904,-0.9394594573378287,-0.05052477259806176
899,2017-03-16 22:00:00,0.23702448,0.01169498,-0.9902815654681715,-0.9421875080540502,-0.048094057414121316
900,2017-03-17 00:00:00,0.25070000000000003,0.0111435,-0.9857729340016487,-0.9480053896523603,-0.03776754434928842
901,2017-03-17 02:00:00,0.2343935999978496,0.010681999999902004,-0.9911489305381901,-0.9528740201705843,-0.038274910367605774
902,2017-03-17 04:00:00,0.2311170245,0.0107961431,-0.9922291725613118,-0.9516698585661123,-0.04055931399519952
903,2017-03-17 06:00:00,0.223246498669375,0.010544389553749998,-0.9948239770307605,-0.9543257523864452,-0.040498224644315295
904,2017-03-17 08:00:00,0.2242477966602957,0.010366242598164602,-0.9944938628099317,-0.956205127694154,-0.03828873511577768
905,2017-03-17 10:00:00,0.24194469999785706,0.0112222599999006,-0.9886594363860924,-0.9471745048440179,-0.041484931542074555
906,2017-03-17 12:00:00,0.2371018300937705,0.0111214631597078,-0.9902560642026464,-0.9482378690307981,-0.04201819517184835
907,2017-03-17 14:00:00,0.237448998,0.011174475,-0.9901416077032817,-0.9476786164556755,-0.04246299124760622
908,2017-03-17 16:00:00,0.23303124,0.01082367,-0.9915980819529105,-0.9513794613713483,-0.040218620581562226
909,2017-03-17 18:00:00,0.2339333100314145,0.010901920001464002,-0.9913006818300162,-0.9505539568315913,-0.04074672499842491
910,2017-03-17 20:00:00,0.23293600004235201,0.010989000001997998,-0.991629481261304,-0.949635299522736,-0.04199418173856806
911,2017-03-17 22:00:00,0.21518769999999998,0.010667900000000001,-0.9974808524741161,-0.9530227692276055,-0.04445808324651057
912,2017-03-18 00:00:00,0.22483077118595998,0.01108630875168,-0.9943016641008083,-0.9486087332209128,-0.045692930879895566
913,2017-03-18 02:00:00,0.21731278800206136,0.0109320540001037,-0.9967802400926326,-0.9502360558448476,-0.04654418424778495
914,2017-03-18 04:00:00,0.21567049765153798,0.011107630037934002,-0.997321680707069,-0.9483838026360331,-0.04893787807103589
915,2017-03-18 06:00:00,0.2264362312634475,0.010566809788715001,-0.9937723659224862,-0.9540892283557774,-0.039683137566708826
916,2017-03-18 08:00:00,0.2275862972401908,0.0108286502981994,-0.9933932049361894,-0.9513269213241146,-0.04206628361207487
917,2017-03-18 10:00:00,0.23115711678274603,0.011215549062073999,-0.9922159546853149,-0.9472453024100018,-0.04497065227531305
918,2017-03-18 12:00:00,0.2198637480531395,0.0099951989479463,-0.9959392235348613,-0.9601194818407682,-0.03581974169409308
919,2017-03-18 14:00:00,0.20106009,0.009845078,-1.0021385318159446,-0.9617031945784517,-0.04043533723749293
920,2017-03-18 16:00:00,0.21755417399566016,0.0103368059997938,-0.9967006584396997,-0.9565156714019555,-0.0401849870377442
921,2017-03-18 18:00:00,0.2038278400584752,0.010101600002897998,-1.001226042564705,-0.9589969955499793,-0.04222904701472574
922,2017-03-18 20:00:00,0.20943984000214588,0.0106676800001093,-0.999375843118091,-0.9530250901337413,-0.04635075298434976
923,2017-03-18 22:00:00,0.2063955600619614,0.0103651800031117,-1.0003795004803866,-0.9562163376241691,-0.044163162856217464
924,2017-03-19 00:00:00,0.21152352,0.00998994,-0.9986888823879331,-0.9601749615254045,-0.03851392086252858
925,2017-03-19 02:00:00,0.20722999979277,0.00999999999,-1.0001043971404595,-0.9600688328703307,-0.040035564270128776
926,2017-03-19 04:00:00,0.21307731973445002,0.0100400299874875,-0.9981766159164998,-0.9596465332660604,-0.038530082650439335
927,2017-03-19 06:00:00,0.2172182437661584,0.0102044778893024,-0.9968114100311045,-0.95791167720265,-0.03889973282845449
928,2017-03-19 08:00:00,0.207235220031866,0.009774510001503,-1.0001026760991936,-0.9624476572242144,-0.03765501887497913
929,2017-03-19 10:00:00,0.2182124396978003,0.0100986617998982,-0.9964836372618577,-0.9590279923534257,-0.037455644908432006
930,2017-03-19 12:00:00,0.2120382,0.0100881,-0.9985191994476728,-0.9591394148914557,-0.039379784556217046
931,2017-03-19 14:00:00,0.2265468807709081,0.0102989898973,-0.9937358862967688,-0.9569146153470095,-0.03682127094975929
932,2017-03-19 16:00:00,0.221991486531234,0.0103196600765334,-0.9952377373277651,-0.9566965536668113,-0.038541183660953826
933,2017-03-19 18:00:00,0.23478536,0.010520000000000002,-0.9910197726361125,-0.9545830519003952,-0.036436720735717354
934,2017-03-19 20:00:00,0.24789934,0.010329999999999999,-0.9866962732094472,-0.9565874718316328,-0.030108801377814354
935,2017-03-19 22:00:00,0.242537843,0.010364171,-0.9884638852696735,-0.9562269821817889,-0.03223690308788463
936,2017-03-20 00:00:00,0.2446167946555008,0.0104502704531892,-0.9877784834091689,-0.9553186692342042,-0.032459814174964685
937,2017-03-20 02:00:00,0.2394431685658864,0.01059620273638,-0.9894841570057603,-0.9537791451445272,-0.035705011861233094
938,2017-03-20 04:00:00,0.2369474966195004,0.0106025493986742,-0.9903069458333583,-0.953712190531899,-0.03659475530145928
939,2017-03-20 06:00:00,0.22903840000000006,0.010537000000000001,-0.9929144665631331,-0.9544037090644423,-0.03851075749869082
940,2017-03-20 08:00:00,0.2297963032261687,0.0108768944279065,-0.9926645962595481,-0.9508179660864824,-0.04184663017306567
941,2017-03-20 10:00:00,0.22786225,0.0107008,-0.9933022270943122,-0.9526756880921439,-0.04062653900216828
942,2017-03-20 12:00:00,0.22968905399999998,0.010656701999999999,-0.9926999548591379,-0.9531409034086055,-0.0395590514505324
943,2017-03-20 14:00:00,0.2265728178547488,0.0109854119716848,-0.9937273351957975,-0.949673151730492,-0.04405418346530543
944,2017-03-20 16:00:00,0.24481799999999998,0.011484000000000001,-0.9877121487654081,-0.9444132581440107,-0.04329889062139747
945,2017-03-20 18:00:00,0.2245457022600577,0.01133080749053,-0.9943956474176731,-0.9460293745613685,-0.04836627285630457
946,2017-03-20 20:00:00,0.2271123143778412,0.0112087354495256,-0.993549470588083,-0.9473171831510321,-0.04623228743705088
947,2017-03-20 22:00:00,0.22418382481297255,0.011416048800660598,-0.994514953451005,-0.9451301146614182,-0.04938483878958688
948,2017-03-21 00:00:00,0.23303895,0.0117316,-0.9915955400716067,-0.9418011824862508,-0.049794357585355886
949,2017-03-21 02:00:00,0.2328565517824792,0.012392237466976002,-0.9916556742634292,-0.9348317356118875,-0.05682393865154167
950,2017-03-21 04:00:00,0.22754459999999999,0.012551199999999998,-0.9934069519446536,-0.9331547478776069,-0.06025220406704668
951,2017-03-21 06:00:00,0.2321900400474738,0.0118467600024222,-0.9918754140452621,-0.9405862929907958,-0.05128912105446637
952,2017-03-21 08:00:00,0.23541733645854,0.012577090577922,-0.9908114186614866,-0.9328816131911958,-0.05792980547029081
953,2017-03-21 10:00:00,0.23741896694103604,0.012554558718042898,-0.9901515085317268,-0.933119314817667,-0.057032193714059876
954,2017-03-21 12:00:00,0.23665056903795065,0.0125286235666566,-0.99040483878642,-0.9333929197353426,-0.0570119190510775
955,2017-03-21 14:00:00,0.2361726375156687,0.0130754520425284,-0.990562406257361,-0.9276241097563651,-0.06293829650099592
956,2017-03-21 16:00:00,0.24164893731,0.012487771229999998,-0.9887569452896732,-0.933823894671301,-0.05493305061837217
957,2017-03-21 18:00:00,0.241304,0.012699040000000002,-0.9888706663920404,-0.9315950981795322,-0.05727556821250812
958,2017-03-21 20:00:00,0.23845964994852006,0.0133515169971176,-0.9898084096108655,-0.9247117408232346,-0.06509666878763087
959,2017-03-21 22:00:00,0.2390800224974525,0.0132927821720585,-0.9896038812861595,-0.925331368475899,-0.06427251281026047
960,2017-03-22 00:00:00,0.2395348800021697,0.012916800000117,-0.9894539210024882,-0.9292978219455281,-0.060156099056960066
961,2017-03-22 02:00:00,0.2360761641,0.0129569314,-0.9905942122199545,-0.9288744525887178,-0.06171975963123666
962,2017-03-22 04:00:00,0.24169208,0.0126385,-0.9887427217362226,-0.9322337696670961,-0.05650895206912643
963,2017-03-22 06:00:00,0.23039046298695776,0.011934473999324402,-0.9924687099317422,-0.9396609472874311,-0.052807762644311085
964,2017-03-22 08:00:00,0.23217677997828495,0.012434795998837,-0.9918797857082916,-0.9343827610355381,-0.05749702467275353
965,2017-03-22 10:00:00,0.225558159,0.012375795,-0.9940618543102667,-0.9350051967093898,-0.05905665760087697
966,2017-03-22 12:00:00,0.22030979995680203,0.012127799997622,-0.995792166337142,-0.937621439475778,-0.05817072686136393
967,2017-03-22 14:00:00,0.2222528873785872,0.012600291713124,-0.9951515570519327,-0.9326368509921104,-0.06251470605982234
968,2017-03-22 16:00:00,0.2236801835371896,0.013016486403327998,-0.9946809970752207,-0.9282461724009516,-0.06643482467426909
969,2017-03-22 18:00:00,0.22050882,0.012567177,-0.995726552157262,-0.932986197260547,-0.06274035489671503
970,2017-03-22 20:00:00,0.2793368251459849,0.012329827396732999,-0.9763317653327793,-0.9354901355524402,-0.04084162978033912
971,2017-03-22 22:00:00,0.3423891149967005,0.012576923999878798,-0.9555442897517958,-0.9328833705193532,-0.022660919232442622
972,2017-03-23 00:00:00,0.3050420679632004,0.0124727671372332,-0.9678570991686914,-0.9339821815270478,-0.03387491764164363
973,2017-03-23 02:00:00,0.30377203199999997,0.012887424,-0.9682758126148566,-0.929607726367289,-0.03866808624756768
974,2017-03-23 04:00:00,0.2855815601203814,0.0129030885617645,-0.9742729618206891,-0.9294424718419475,-0.04483048997874162
975,2017-03-23 06:00:00,0.2943902593000001,0.0129965139,-0.97136885445948,-0.9284568738943589,-0.04291198056512102
976,2017-03-23 08:00:00,0.25881630000000005,0.01280698,-0.9830971011578711,-0.9304563766670177,-0.05264072449085333
977,2017-03-23 10:00:00,0.3066668488029399,0.013143312000126,-0.967321431199923,-0.9269082158008832,-0.04041321539903975
978,2017-03-23 12:00:00,0.39341599500374497,0.014518048200138203,-0.9387214269401264,-0.9124053282245765,-0.02631609871554985
979,2017-03-23 14:00:00,0.3715925400000001,0.015216299999999999,-0.9459163208774778,-0.9050390659894949,-0.04087725488798288
980,2017-03-23 16:00:00,0.3401612149475056,0.0152182568964416,-0.9562787978557704,-0.9050184215567006,-0.051260376299069765
981,2017-03-23 18:00:00,0.34241490609999997,0.0149528435,-0.9555357867786077,-0.9078184210400956,-0.04771736573851215
982,2017-03-23 20:00:00,0.357204,0.015408799999999999,-0.9506600252632212,-0.9030082721117937,-0.047651753151427556
983,2017-03-23 22:00:00,0.3317278499583337,0.015959699997995402,-0.9590591626798395,-0.897196509290211,-0.061862653389628486
984,2017-03-24 00:00:00,0.3483063415701,0.0142779298594,-0.9535934612697072,-0.9149384755300046,-0.03865498573970261
985,2017-03-24 02:00:00,0.3468877882765831,0.0145987485598562,-0.954061138843656,-0.9115539734378566,-0.04250716540579935
986,2017-03-24 04:00:00,0.3423760096667636,0.0144625922680492,-0.9555486103994153,-0.9129903649381794,-0.04255824546123588
987,2017-03-24 06:00:00,0.359724959964594,0.014254479998596999,-0.949828899322693,-0.9151858616793641,-0.03464303764332888
988,2017-03-24 08:00:00,0.34325424006810606,0.014152320002808,-0.9552590698757386,-0.9162636065832305,-0.03899546329250814
989,2017-03-24 10:00:00,0.31793599999038497,0.013917759999579098,-0.9636061465420294,-0.9187381157702997,-0.04486803077172963
990,2017-03-24 12:00:00,0.3293758196567272,0.013498210149856998,-0.9598345948263347,-0.9231641898804613,-0.03667040494587337
991,2017-03-24 14:00:00,0.3356479580491386,0.0136352963117748,-0.957766756782998,-0.9217179886423302,-0.03604876814066782
992,2017-03-24 16:00:00,0.32649249500995914,0.0137591650004197,-0.9607851874349242,-0.920411226177193,-0.040373961257731295
993,2017-03-24 18:00:00,0.31445634,0.0134475,-0.9647533427382581,-0.9236991605914583,-0.04105418214679979
994,2017-03-24 20:00:00,0.31195800000327,0.0133369200001398,-0.9655770111854783,-0.9248657329899638,-0.040711278195514566
995,2017-03-24 22:00:00,0.3031489165254396,0.0128652615053235,-0.9684812452445394,-0.9298415313465286,-0.0386397138980108
996,2017-03-25 00:00:00,0.29917979999999994,0.012791224,-0.9697898085504242,-0.9306225958272102,-0.039167212723213995
997,2017-03-25 02:00:00,0.29881599999034003,0.0126300799995917,-0.9699097484262807,-0.9323225971230931,-0.03758715130318768
998,2017-03-25 04:00:00,0.2889877932,0.012579638999999998,-0.9731499734703317,-0.932854728412215,-0.04029524505811677
999,2017-03-25 06:00:00,0.2983476200159715,0.0126930600006795,-0.9700641668828167,-0.9316581846523049,-0.03840598223051184
1000,2017-03-25 08:00:00,0.28916968709790003,0.0127326462223742,-0.9730900055457745,-0.9312405666956353,-0.04184943885013925
1001,2017-03-25 10:00:00,0.29185263,0.01221696,-0.9722054760513719,-0.9366808390240113,-0.03552463702736053
1002,2017-03-25 12:00:00,0.273061200002908,0.0126201600001344,-0.9784007529100105,-0.9324272489369356,-0.04597350397307487
1003,2017-03-25 14:00:00,0.2802570505825404,0.0120489406377458,-0.9760283796217021,-0.9384533724899912,-0.037575007131710914
1004,2017-03-25 16:00:00,0.2873512821,0.012458826299999998,-0.9736895087450982,-0.9341292514849867,-0.039560257260111475
1005,2017-03-25 18:00:00,0.2818619958528664,0.0122942213872136,-0.9754992511682438,-0.9358657639479797,-0.03963348722026405
1006,2017-03-25 20:00:00,0.2771423999451489,0.01247999999753,-0.9770552372381561,-0.9339058778989492,-0.04314935933920694
1007,2017-03-25 22:00:00,0.2778321452214355,0.0123923731032825,-0.976827837676271,-0.934830304706013,-0.04199753297025799
1008,2017-03-26 00:00:00,0.2651495,0.0124668474,-0.9810091319396049,-0.934044632260195,-0.046964499679409966
1009,2017-03-26 02:00:00,0.2704201199054086,0.0124027199956616,-0.9792714808116328,-0.9347211493517444,-0.044550331459888404
1010,2017-03-26 04:00:00,0.2860024984306,0.0126131949307868,-0.9741341842304463,-0.9325007274833713,-0.04163345674707497
1011,2017-03-26 06:00:00,0.2958143490394575,0.0131504877684369,-0.9708993515952036,-0.9268325144691764,-0.044066837126027214
1012,2017-03-26 08:00:00,0.3038265359591631,0.0130668719982437,-0.9682578434067144,-0.9277146256078133,-0.04054321779890113
1013,2017-03-26 10:00:00,0.3102642693124287,0.0137202582711627,-0.9661354109749226,-0.9208216757749929,-0.04531373519992976
1014,2017-03-26 12:00:00,0.3084355109917928,0.0138512411230402,-0.9667383275228189,-0.9194398618857634,-0.04729846563705542
1015,2017-03-26 14:00:00,0.30781379999999997,0.01348584,-0.9669432971137872,-0.9232946897484917,-0.04364860736529552
1016,2017-03-26 16:00:00,0.309642711,0.012675663,-0.9663403302295979,-0.9318417156781247,-0.03449861455147318
1017,2017-03-26 18:00:00,0.3219492877052463,0.0133143931800207,-0.9622830206005344,-0.9251033814490907,-0.03717963915144373
1018,2017-03-26 20:00:00,0.32645686176108096,0.0126450621520114,-0.9607969352285838,-0.9321645417287622,-0.028632393499821607
1019,2017-03-26 22:00:00,0.3370665927475,0.012866313368876002,-0.9572990523709878,-0.9298304346293201,-0.027468617741667645
1020,2017-03-27 00:00:00,0.34938359999999996,0.0130921799,-0.9532383039334871,-0.9274476379094021,-0.025790666024084974
1021,2017-03-27 02:00:00,0.33679135,0.01297256,-0.9573897961315403,-0.9287095774448372,-0.02868021868670312
1022,2017-03-27 04:00:00,0.3192158866317563,0.0132087321478719,-0.963184185462314,-0.9262180608111654,-0.03696612465114857
1023,2017-03-27 06:00:00,0.3257664327032843,0.013489704000136002,-0.9610245602238588,-0.9232539261754027,-0.03777063404845615
1024,2017-03-27 08:00:00,0.32745918273300895,0.013253520801336002,-0.9604664837449407,-0.9257455593917089,-0.03472092435323182
1025,2017-03-27 10:00:00,0.3095938711487247,0.0132401562782153,-0.9663564320590186,-0.9258865494786279,-0.04046988258039064
1026,2017-03-27 12:00:00,0.3209086344240936,0.014171840185732804,-0.9626261097210319,-0.9160576768794626,-0.04656843284156931
1027,2017-03-27 14:00:00,0.32252589,0.01436517,-0.9620929227285854,-0.9140181288109384,-0.04807479391764702
1028,2017-03-27 16:00:00,0.35674055999651283,0.015242699999851,-0.9508128150790796,-0.9047605571164106,-0.046052257962668985
1029,2017-03-27 18:00:00,0.3439632,0.014352100000000001,-0.9550253355053132,-0.9141560118030503,-0.04086932370226293
1030,2017-03-27 20:00:00,0.3528060021070434,0.0150326396034921,-0.9521099848764487,-0.9069766057754919,-0.04513337910095683
1031,2017-03-27 22:00:00,0.3337226025032081,0.015426907500148296,-0.958401520111824,-0.902817245615993,-0.05558427449583103
1032,2017-03-28 00:00:00,0.3297609839405934,0.0157175988352744,-0.9597076114421548,-0.8997505745319676,-0.05995703691018717
1033,2017-03-28 02:00:00,0.3480427609244397,0.01555289842365,-0.9536803601951586,-0.901488094467457,-0.052192265727701526
1034,2017-03-28 04:00:00,0.3565997066925608,0.015002609911855997,-0.9508592524824369,-0.9072934063673043,-0.04356584611513259
1035,2017-03-28 06:00:00,0.36612543,0.016416959999999998,-0.9477187520959574,-0.8923726089650755,-0.05534614313088182
1036,2017-03-28 08:00:00,0.3703303397,0.0162263315,-0.9463324510129048,-0.894383659306454,-0.051948791706450725
1037,2017-03-28 10:00:00,0.3734923743,0.0158361534,-0.9452899715535648,-0.8984998738347298,-0.04679009771883491
1038,2017-03-28 12:00:00,0.4020685999810345,0.019079999999099997,-0.9358687816975323,-0.8642786592183442,-0.07159012247918806
1039,2017-03-28 14:00:00,0.389340152,0.018270144,-0.9400651765027969,-0.8728222987237566,-0.06724287777904026
1040,2017-03-28 16:00:00,0.38097189,0.02084577,-0.9428240777638316,-0.8456505298300002,-0.09717354793383137
1041,2017-03-28 18:00:00,0.3847350706015936,0.022918025628848003,-0.9415834087088668,-0.8237891062243045,-0.11779430248456235
1042,2017-03-28 20:00:00,0.3874332069037469,0.0195944895001895,-0.9406938701587527,-0.8588510117952058,-0.08184285836354688
1043,2017-03-28 22:00:00,0.3840838227738288,0.0188247770280486,-0.9417981161897352,-0.8669711540082659,-0.07482696218146934
1044,2017-03-29 00:00:00,0.392563973961994,0.017548970998301,-0.9390023265972492,-0.8804303699788929,-0.05857195661835635
1045,2017-03-29 02:00:00,0.39063200000000003,0.01719388,-0.9396392719271196,-0.884176430370459,-0.05546284155666059
1046,2017-03-29 04:00:00,0.3826198330987458,0.0166629583062948,-0.9422807735157998,-0.8897774305009282,-0.052503343014871584
1047,2017-03-29 06:00:00,0.40615285622122216,0.0171117177488316,-0.9345222584061437,-0.8850432074959186,-0.049479050910225086
1048,2017-03-29 08:00:00,0.40179169,0.01721623,-0.9359600751221251,-0.8839406472890741,-0.052019427833051024
1049,2017-03-29 10:00:00,0.4097428600038986,0.0157544900001499,-0.9333386833742977,-0.8993613882890044,-0.033977295085293346
1050,2017-03-29 12:00:00,0.4169325698720064,0.017601457471351202,-0.930968334594396,-0.8798766598067761,-0.05109167478761989
1051,2017-03-29 14:00:00,0.4060290000117,0.016959519000488702,-0.9345630921004803,-0.8866488401521708,-0.04791425194830945
1052,2017-03-29 16:00:00,0.42242299999999994,0.017185403999999998,-0.9291582150494123,-0.8842658485985495,-0.04489236645086281
1053,2017-03-29 18:00:00,0.6015712738641401,0.0154139629168303,-0.8700954850971252,-0.9029538055149623,0.032858320417837095
1054,2017-03-29 20:00:00,0.6504779762956799,0.0189410013289944,-0.8539716157666204,-0.8657450366118977,0.011773420845277327
1055,2017-03-29 22:00:00,0.5927479999999999,0.0181584,-0.873004397532017,-0.8740011508332103,0.0009967533011933094
1056,2017-03-30 00:00:00,0.4999696,0.018387200000000003,-0.9035921641144675,-0.8715874072528568,-0.03200475686161075
1057,2017-03-30 02:00:00,0.5028956131818192,0.0177519564799124,-0.9026274976810881,-0.8782889586889259,-0.024338538992162206
1058,2017-03-30 04:00:00,0.51900723,0.017637129999999997,-0.897315718490022,-0.8795003296624536,-0.01781538882756839
1059,2017-03-30 06:00:00,0.6002187827928792,0.0188347476606792,-0.8705413828620422,-0.8668659680357824,-0.003675414826259771
1060,2017-03-30 08:00:00,0.4780077065303011,0.017935221475133597,-0.9108326993161934,-0.8763555902198756,-0.03447710909631774
1061,2017-03-30 10:00:00,0.4875210999905401,0.017212689999666,-0.9076962639113061,-0.8839779928007901,-0.023718271110515943
1062,2017-03-30 12:00:00,0.3983537879961276,0.0167060879998376,-0.9370935042826601,-0.8893224304095316,-0.04777107387312851
1063,2017-03-30 14:00:00,0.443311846,0.016735550000000002,-0.9222714488880562,-0.8890116187235334,-0.03325983016452283
1064,2017-03-30 16:00:00,0.4396808941524652,0.017224335061029,-0.9234685239355297,-0.8838551423108086,-0.039613381624721056
1065,2017-03-30 18:00:00,0.4472478,0.01684654,-0.9209738188121844,-0.887840720996333,-0.03313309781585139
1066,2017-03-30 20:00:00,0.5178621999999999,0.018182256,-0.8976932191838246,-0.8737494800864757,-0.023943739097348926
1067,2017-03-30 22:00:00,0.5271883107680858,0.0175236886686956,-0.8946185283150849,-0.8806970879018887,-0.013921440413196207
1068,2017-03-31 00:00:00,0.5236407023949583,0.017662005384523602,-0.8957881261616006,-0.8792379048385782,-0.016550221323022418
1069,2017-03-31 02:00:00,0.53123458,0.01934356,-0.8932845288195607,-0.8614982122768655,-0.03178631654269515
1070,2017-03-31 04:00:00,0.5513202611126199,0.0178159090071118,-0.8866625551109997,-0.877614286477497,-0.00904826863350272
1071,2017-03-31 06:00:00,0.5580044269417099,0.01723848164115,-0.8844588772702674,-0.8837059018521066,-0.0007529754181607728
1072,2017-03-31 08:00:00,0.576639182591568,0.019968505648983004,-0.8783152537960658,-0.8549052990412774,-0.023409954754788354
1073,2017-03-31 10:00:00,0.5835954584823999,0.018966852400678,-0.8760218649983296,-0.8654723186996532,-0.010549546298676327
1074,2017-03-31 12:00:00,0.5574875333914887,0.0186446457264404,-0.8846292899876902,-0.8688714633302829,-0.015757826657407326
1075,2017-03-31 14:00:00,0.4140745962,0.017053335343500002,-0.9319105693341428,-0.8856591172689725,-0.04625145206517034
1076,2017-03-31 16:00:00,0.5962294096151854,0.016081478351831203,-0.871856624508477,-0.8959117989764122,0.024055174467935148
1077,2017-03-31 18:00:00,0.5670055498894998,0.0168046443996888,-0.8814913304306266,-0.8882827019242011,0.006791371493574561
1078,2017-03-31 20:00:00,0.5417137194949838,0.0169228164998433,-0.8898297001864144,-0.8870360360670123,-0.002793664119402073
1079,2017-03-31 22:00:00,0.5663314047658036,0.0171287891458992,-0.8817135868360648,-0.8848631114509903,0.0031495246149254585
1080,2017-04-01 00:00:00,0.5048215624077372,0.0178691217830817,-0.9019925386241089,-0.877052914115652,-0.02493962450845688
1081,2017-04-01 02:00:00,0.5193943025506801,0.0175454258417536,-0.897188105976434,-0.8804677698864876,-0.016720336089946386
1082,2017-04-01 04:00:00,0.5000419685901292,0.0180224611670634,-0.9035683051824018,-0.8754352482340909,-0.02813305694831092
1083,2017-04-01 06:00:00,0.5248634399952111,0.017875759999836902,-0.8953850063372867,-0.8769828837263257,-0.01840212261096097
1084,2017-04-01 08:00:00,0.5209614851401103,0.0185967709077282,-0.8966714273611789,-0.8693765224925519,-0.027294904868626957
1085,2017-04-01 10:00:00,0.5047027481723717,0.0190056803989596,-0.9020317100486865,-0.8650626996804653,-0.0369690103682212
1086,2017-04-01 12:00:00,0.51879394,0.017968650000000003,-0.8973860372790329,-0.8760029333698015,-0.02138310390923137
1087,2017-04-01 14:00:00,0.5255973618420533,0.017544775267264195,-0.8951430423657054,-0.8804746331731892,-0.014668409192516219
1088,2017-04-01 16:00:00,0.5515608521654596,0.0183418703355447,-0.8865832355391371,-0.8720656161102807,-0.014517619428856432
1089,2017-04-01 18:00:00,0.558348468928425,0.018573416520525,-0.8843454513437133,-0.8696229014356672,-0.014722549908046112
1090,2017-04-01 20:00:00,0.539805194485165,0.019179856003026,-0.8904589147182139,-0.8632252204576967,-0.02723369426051725
1091,2017-04-01 22:00:00,0.533406142522717,0.019583284231583502,-0.8925685944257356,-0.8589692226569362,-0.033599371768799347
1092,2017-04-02 00:00:00,0.5283857520768815,0.0190644556538304,-0.894223748331278,-0.8644426455103253,-0.0297811028209527
1093,2017-04-02 02:00:00,0.5146829094524771,0.0181225613268304,-0.8987413876925016,-0.8743792337322118,-0.024362153960289734
1094,2017-04-02 04:00:00,0.5560526635483366,0.01847892733911,-0.8851023469043705,-0.8706197224804808,-0.0144826244238897
1095,2017-04-02 06:00:00,0.5461670225246148,0.0192754517891053,-0.8883615072278025,-0.8622167252000144,-0.026144782027788138
1096,2017-04-02 08:00:00,0.5454132614151936,0.0189620392458,-0.8886100119322801,-0.8655230954552828,-0.023086916476997232
1097,2017-04-02 10:00:00,0.5337095918868356,0.019178129477681098,-0.892468551330368,-0.8632434345725026,-0.02922511675786532
1098,2017-04-02 12:00:00,0.5281474759244079,0.0187086962547133,-0.8943023047122247,-0.8681957572488276,-0.026106547463397134
1099,2017-04-02 14:00:00,0.5382277255209656,0.019613420780946,-0.8909789846102145,-0.8586512947611419,-0.03232768984907264
1100,2017-04-02 16:00:00,0.5304339261468584,0.0188816655338038,-0.8935484934187911,-0.8663710042461918,-0.027177489172599212
1101,2017-04-02 18:00:00,0.532245600173088,0.0187304400060912,-0.8929512093285523,-0.8679663698349237,-0.02498483949362862
1102,2017-04-02 20:00:00,0.5377065421993824,0.0183497583722544,-0.8911508116064469,-0.8719824006471266,-0.019168410959320314
1103,2017-04-02 22:00:00,0.5188114410644924,0.0185471604288232,-0.8973802674179916,-0.8698998921384226,-0.027480375279569036
1104,2017-04-03 00:00:00,0.5037978330623069,0.0202386181683634,-0.9023300481550087,-0.852055725791157,-0.050274322363851764
1105,2017-04-03 02:00:00,0.5257174471954081,0.0229433951997996,-0.8951034518709524,-0.8235214679418711,-0.07158198392908133
1106,2017-04-03 04:00:00,0.5368208398825001,0.021427146715310003,-0.8914428155182447,-0.8395172504840802,-0.051925565034164456
1107,2017-04-03 06:00:00,0.5360055709811117,0.0230198279991888,-0.8917115984985245,-0.8227151341182081,-0.06899646438031648
1108,2017-04-03 08:00:00,0.537475159385199,0.0229061643864228,-0.8912270953482601,-0.8239142373333903,-0.06731285801486975
1109,2017-04-03 10:00:00,0.537908736507128,0.023108874554919997,-0.8910841509150617,-0.821775730480757,-0.06930842043430463
1110,2017-04-03 12:00:00,0.5345531197857321,0.0229966279974526,-0.8921904517460119,-0.8229598843597069,-0.06923056738630495
1111,2017-04-03 14:00:00,0.5404646395348239,0.023935839115992102,-0.8902415047256625,-0.8130516028563357,-0.07718990186932684
1112,2017-04-03 16:00:00,0.5356119534653,0.023931597920790002,-0.8918413687973916,-0.8130963456784166,-0.07874502311897502
1113,2017-04-03 18:00:00,0.5170500000045,0.0231408600002014,-0.8979609903879047,-0.82143829751217,-0.07652269287573465
1114,2017-04-03 20:00:00,0.516965786415531,0.0231819072717996,-0.8979887544537051,-0.821005266094726,-0.07698348835897906
1115,2017-04-03 22:00:00,0.5248827800926019,0.024140877963201,-0.8953786301723101,-0.8108885294246332,-0.08449010074767693
1116,2017-04-04 00:00:00,0.5041666745000001,0.020893126,-0.9022084461894424,-0.8451509439865071,-0.05705750220293526
1117,2017-04-04 02:00:00,0.5062189947153487,0.0208164176420179,-0.9015318243496657,-0.8459601848372009,-0.0555716395124648
1118,2017-04-04 04:00:00,0.5103929992455061,0.021263499968567003,-0.900155712277432,-0.8412436546991005,-0.05891205757833151
1119,2017-04-04 06:00:00,0.5144986035844642,0.0212866565301847,-0.8988021508105393,-0.8409993627325455,-0.05780278807799377
1120,2017-04-04 08:00:00,0.5097384784923421,0.021725421436536,-0.9003714987969358,-0.8363705778724501,-0.06400092092448573
1121,2017-04-04 10:00:00,0.5046952399956037,0.0208706399998182,-0.9020341853916375,-0.8453881618124978,-0.056646023579139726
1122,2017-04-04 12:00:00,0.5020033785210374,0.0209462797819332,-0.9029216552171176,-0.8445901939868884,-0.05833146123022925
1123,2017-04-04 14:00:00,0.4984219809735982,0.0196070369989614,-0.9041023928911885,-0.8587186409708608,-0.04538375192032773
1124,2017-04-04 16:00:00,0.5380879655999999,0.021689769,-0.8910250615401905,-0.8367466960534498,-0.0542783654867407
1125,2017-04-04 18:00:00,0.5519521034055054,0.0215994610086561,-0.8864542453689508,-0.8376994073050273,-0.048754838063923445
1126,2017-04-04 20:00:00,0.5081321999999999,0.0209076,-0.9009010667954158,-0.8449982493860612,-0.055902817409354655
1127,2017-04-04 22:00:00,0.5608924986201851,0.0209220806390863,-0.883506719630401,-0.8448454847460525,-0.03866123488434847
1128,2017-04-05 00:00:00,0.5474634906047926,0.020618695500180504,-0.8879340794750273,-0.8480460701106003,-0.039888009364427046
1129,2017-04-05 02:00:00,0.5739101999949657,0.0212267999998138,-0.8792149619465884,-0.8416308239035465,-0.03758413804304195
1130,2017-04-05 04:00:00,0.60328805384904,0.0208769418634602,-0.8695294862714121,-0.8453216798067715,-0.024207806464640602
1131,2017-04-05 06:00:00,0.5944474394897358,0.0212516172223128,-0.8724441156298388,-0.8413690126645204,-0.031075102965318457
1132,2017-04-05 08:00:00,0.5785705200257829,0.02109360000094,-0.877678518320678,-0.8430360277592488,-0.03464249056142921
1133,2017-04-05 10:00:00,0.5328497289899999,0.021294149190000004,-0.8927520363396084,-0.8409203183290099,-0.05183171801059849
1134,2017-04-05 12:00:00,0.5446448067733564,0.02141076580463,-0.8888633608929618,-0.8396900621886003,-0.04917329870436149
1135,2017-04-05 14:00:00,0.5504167434029801,0.021184108479620004,-0.8869604325135587,-0.8420812014507636,-0.04487923106279512
1136,2017-04-05 16:00:00,0.5472085399982191,0.0216455873492826,-0.888018133194901,-0.8372127938497284,-0.05080533934517262
1137,2017-04-05 18:00:00,0.5652963056999999,0.0211868818,-0.8820548448079043,-0.8420519440894721,-0.040002900718432155
1138,2017-04-05 20:00:00,0.5649237632399999,0.0209925670419984,-0.8821776669497879,-0.8441018828993248,-0.03807578405046319
1139,2017-04-05 22:00:00,0.5634677999703438,0.020747999998908,-0.8826576780800172,-0.8466819621398208,-0.03597571594019633
1140,2017-04-06 00:00:00,0.5842420474353001,0.0207921434528445,-0.8758086934846355,-0.8462162673034841,-0.029592426181151432
1141,2017-04-06 02:00:00,0.5599625340037958,0.0210109713507325,-0.8838133162155549,-0.8439077251980234,-0.03990559101753155
1142,2017-04-06 04:00:00,0.5888256465069001,0.0209437200541866,-0.8742975437072129,-0.8446171980359085,-0.029680345671304398
1143,2017-04-06 06:00:00,0.56283086566141,0.020109357417882,-0.8828676665899508,-0.8534193722363762,-0.029448294353574545
1144,2017-04-06 08:00:00,0.5651865030673983,0.0206612853704517,-0.8820910452305907,-0.8475967649272297,-0.03449428030336099
1145,2017-04-06 10:00:00,0.574376932202967,0.020844371745894003,-0.8790610867360344,-0.8456652808215739,-0.03339580591446056
1146,2017-04-06 12:00:00,0.5601188818160279,0.021260020749066,-0.8837617704852316,-0.8412803589986423,-0.04248141148658935
1147,2017-04-06 14:00:00,0.5720999635999999,0.0211521178,-0.8798117720695078,-0.8424186896394172,-0.03739308243009054
1148,2017-04-06 16:00:00,0.5763397780135189,0.0213276487930992,-0.8784139633809162,-0.8405669116335331,-0.03784705174738301
1149,2017-04-06 18:00:00,0.5482966340108599,0.0203856926397964,-0.887659403515596,-0.8505041520968594,-0.03715525141873666
1150,2017-04-06 20:00:00,0.5223150771179079,0.0200964424099476,-0.8962251666424691,-0.8535556201275121,-0.042669546514957024
1151,2017-04-06 22:00:00,0.5237488256043867,0.020284700800169902,-0.8957524794217114,-0.8515695734454894,-0.04418290597622199
1152,2017-04-07 00:00:00,0.5483036645999999,0.021343235800000002,-0.8876570856267387,-0.840402475279321,-0.047254610347417736
1153,2017-04-07 02:00:00,0.5195909178785195,0.020606035128702,-0.8971232845982416,-0.8481796316944338,-0.048943652903807866
1154,2017-04-07 04:00:00,0.5011577184,0.0212391024,-0.9032004577658831,-0.8415010387659922,-0.06169941899989084
1155,2017-04-07 06:00:00,0.5277881169268284,0.0223586371138454,-0.8944207804472801,-0.8296904193231286,-0.06473036112415154
1156,2017-04-07 08:00:00,0.5034637025042026,0.02515821000021,-0.9024402064194252,-0.8001561051526996,-0.1022841012667256
1157,2017-04-07 10:00:00,0.5089229109255798,0.0240775341012102,-0.9006403802430951,-0.8115567804746117,-0.08908359976848346
1158,2017-04-07 12:00:00,0.5171592415724487,0.0249809460490715,-0.8979249749405429,-0.8020261651356045,-0.09589880980493837
1159,2017-04-07 14:00:00,0.5058029548987129,0.023670374995259997,-0.9016689869737278,-0.8158521374596194,-0.0858168495141084
1160,2017-04-07 16:00:00,0.525367125813987,0.0238342804044,-0.895218948027857,-0.8141230044653148,-0.08109594356254213
1161,2017-04-07 18:00:00,0.5391475403937426,0.0237669947533304,-0.8906757342563868,-0.8148328397289475,-0.07584289452743931
1162,2017-04-07 20:00:00,0.5069991960000001,0.024365286,-0.9012746026818826,-0.8085211192052131,-0.09275348347666956
1163,2017-04-07 22:00:00,0.5220534327869224,0.0243709564993895,-0.8963114271915172,-0.8084612978262847,-0.08785012936523251
1164,2017-04-08 00:00:00,0.5010721167832175,0.0249365663991648,-0.9032286794454251,-0.8024943517398906,-0.10073432770553448
1165,2017-04-08 02:00:00,0.5087218947000001,0.023718603,-0.9007066525369406,-0.8153433523335947,-0.08536330020334593
1166,2017-04-08 04:00:00,0.5108236766872227,0.0241433180993961,-0.9000137238290479,-0.8108627870160837,-0.08915093681296415
1167,2017-04-08 06:00:00,0.527928,0.025056000000000002,-0.8943746629157103,-0.8012343775821349,-0.09314028533357543
1168,2017-04-08 08:00:00,0.50732904,0.0255773,-0.9011658576369086,-0.7957348822655342,-0.10543097537137436
1169,2017-04-08 10:00:00,0.50580758,0.02960258,-0.9016674621412387,-0.75326987457705,-0.14839758756418875
1170,2017-04-08 12:00:00,0.5155551291,0.032196101100000006,-0.8984538288319579,-0.725909319919549,-0.1725445089124089
1171,2017-04-08 14:00:00,0.5123048592043152,0.029442808000248,-0.8995253982586691,-0.7549554018441901,-0.14456999641447899
1172,2017-04-08 16:00:00,0.5034390893915437,0.028421292899522606,-0.9024483210252482,-0.7657319556755275,-0.13671636534972065
1173,2017-04-08 18:00:00,0.499930318161082,0.02933252552852,-0.9036051147982448,-0.7561188354462833,-0.14748627935196146
1174,2017-04-08 20:00:00,0.5066217600042788,0.0298131200002518,-0.9013990381554082,-0.7510487662990107,-0.1503502718563975
1175,2017-04-08 22:00:00,0.5210600049683551,0.02884995917732,-0.8966389467244132,-0.7612097070909669,-0.13542923963344633
1176,2017-04-09 00:00:00,0.517663024104464,0.028407756879355,-0.8977588847460839,-0.7658747549840201,-0.13188412976206376
1177,2017-04-09 02:00:00,0.5340582680469036,0.0279321669767595,-0.8923535975803892,-0.7708920280359031,-0.12146156954448617
1178,2017-04-09 04:00:00,0.52570446,0.03090211,-0.8951077335712372,-0.739560380717886,-0.1555473528533512
1179,2017-04-09 06:00:00,0.52340561118,0.029774535052,-0.8958656325123108,-0.7514558212428091,-0.1444098112695017
1180,2017-04-09 08:00:00,0.5293309099955481,0.029760669999749707,-0.8939121427226479,-0.751602091701115,-0.14231005102153282
1181,2017-04-09 10:00:00,0.5267205719999999,0.0296132433,-0.8947727353746998,-0.7531573812557197,-0.14161535411898007
1182,2017-04-09 12:00:00,0.5316821966318769,0.0286972960739067,-0.8931369557523998,-0.762820238497526,-0.13031671725487382
1183,2017-04-09 14:00:00,0.5204572999526856,0.0284107999974172,-0.8968376503056065,-0.765842651370878,-0.13099499893472843
1184,2017-04-09 16:00:00,0.5166067029956976,0.028554616393290006,-0.8981071393345555,-0.7643254490007403,-0.13378169033381526
1185,2017-04-09 18:00:00,0.5173605061170978,0.0279936016748118,-0.8978586207793043,-0.7702439178609263,-0.12761470291837806
1186,2017-04-09 20:00:00,0.545952973217451,0.0281570584473924,-0.888432076349976,-0.7685195177932614,-0.11991255855671457
1187,2017-04-09 22:00:00,0.5528086567912953,0.0284549074235787,-0.8861718514601321,-0.7653773366123849,-0.12079451484774717
1188,2017-04-10 00:00:00,0.5458624,0.02528064,-0.888461937098103,-0.798864520248697,-0.08959741684940592
1189,2017-04-10 02:00:00,0.5433878756091267,0.0254063541876466,-0.8892777538665599,-0.7975382885468119,-0.09173946531974808
1190,2017-04-10 04:00:00,0.5483664004565201,0.0251496360209373,-0.887636402474889,-0.8002465570208271,-0.08738984545406181
1191,2017-04-10 06:00:00,0.5369895937231812,0.0250399607419332,-0.8913871796904156,-0.8014035849955633,-0.08998359469485229
1192,2017-04-10 08:00:00,0.5500443266414866,0.026687249543398395,-0.8870832132143678,-0.7840253823315564,-0.1030578308828114
1193,2017-04-10 10:00:00,0.5411791779667977,0.0276293111982415,-0.8900059312002363,-0.7740870288714398,-0.11591890232879654
1194,2017-04-10 12:00:00,0.5629579829207619,0.02643052672656,-0.8828257577721907,-0.7867336998624739,-0.09609205790971687
1195,2017-04-10 14:00:00,0.578571069176,0.028136824627296005,-0.8776783372733798,-0.7687329760684524,-0.10894536120492748
1196,2017-04-10 16:00:00,0.6061595338055333,0.0273866525679747,-0.8685827986948274,-0.7766469751608797,-0.09193582353394769
1197,2017-04-10 18:00:00,0.6324051199999999,0.02722624,-0.8599299887268183,-0.7783392601528243,-0.08159072857399396
1198,2017-04-10 20:00:00,0.6160800000000001,0.02710752,-0.8653121569900185,-0.7795917061224903,-0.08572045086752822
1199,2017-04-10 22:00:00,0.6280424999948501,0.025670474999789503,-0.8613682847354308,-0.7947519252830546,-0.0666163594523762
1200,2017-04-11 00:00:00,0.6221948999693999,0.0265835820986926,-0.8632961582991698,-0.7851190301862341,-0.07817712811293576
1201,2017-04-11 02:00:00,0.61660209,0.02612649,-0.8651400310743417,-0.7899411592021849,-0.07519887187215679
1202,2017-04-11 04:00:00,0.6025579402000001,0.0260508694,-0.8697701947323846,-0.7907389246645647,-0.07903127006781985
1203,2017-04-11 06:00:00,0.5952472251672313,0.0261728093689106,-0.8721804372562172,-0.7894525093798336,-0.08272792787638361
1204,2017-04-11 08:00:00,0.5882148161903074,0.0254642651995804,-0.8744989260887307,-0.7969273517754526,-0.0775715743132781
1205,2017-04-11 10:00:00,0.60954995,0.026003400867,-0.8674650249546713,-0.7912396976837848,-0.07622532727088649
1206,2017-04-11 12:00:00,0.6021193871852208,0.025373494799377203,-0.8699147796492414,-0.7978849412456301,-0.07202983840361121
1207,2017-04-11 14:00:00,0.5612670147168204,0.0262058679575856,-0.8833832468075753,-0.7891037552006822,-0.09427949160689308
1208,2017-04-11 16:00:00,0.5739828655014944,0.0250386898956684,-0.879191005125256,-0.8014169918881037,-0.07777401323715238
1209,2017-04-11 18:00:00,0.5855868427147571,0.0258386962972099,-0.8753653329167748,-0.7929772614861699,-0.08238807143060489
1210,2017-04-11 20:00:00,0.6310996612182108,0.0252330802058104,-0.8603603805906614,-0.7993662560350085,-0.060994124555652895
1211,2017-04-11 22:00:00,0.6049231195154742,0.0251402399798634,-0.8689904275362769,-0.8003456812945283,-0.06864474624174854
1212,2017-04-12 00:00:00,0.6104379510049617,0.025147332000204404,-0.8671722631969264,-0.8002708634686113,-0.0669013997283151
1213,2017-04-12 02:00:00,0.5937648523681832,0.0259266516095936,-0.8726691552462391,-0.7920493700061693,-0.08061978524006985
1214,2017-04-12 04:00:00,0.5900819090692382,0.0258649814172304,-0.8738833711624926,-0.7926999645468854,-0.08118340661560719
1215,2017-04-12 06:00:00,0.5802033000000001,0.0252519,-0.8771402131469324,-0.7991677151372432,-0.0779724980096892
1216,2017-04-12 08:00:00,0.57706818,0.02490313,-0.8781738192316242,-0.8028470916604945,-0.07532672757112968
1217,2017-04-12 10:00:00,0.6019719645419772,0.025148426361648,-0.8699633828737041,-0.8002593184165612,-0.06970406445714294
1218,2017-04-12 12:00:00,0.5836720188000001,0.0244460274,-0.8759966241111808,-0.807669331460813,-0.06832729265036785
1219,2017-04-12 14:00:00,0.5808984211348299,0.024275984082215,-0.876911041238183,-0.8094632168047183,-0.06744782443346464
1220,2017-04-12 16:00:00,0.591590874,0.024777004,-0.8733858861111957,-0.8041776678091642,-0.0692082183020315
1221,2017-04-12 18:00:00,0.5961016238054401,0.0252300625548928,-0.8718987537381365,-0.7993980909805074,-0.07250066275762912
1222,2017-04-12 20:00:00,0.5899305336096439,0.025631068000419,-0.8739332775763172,-0.7951676525197309,-0.07876562505658635
1223,2017-04-12 22:00:00,0.6141993902202507,0.025092150008998,-0.8659321682531537,-0.8008530102213455,-0.06507915803180819
1224,2017-04-13 00:00:00,0.6140787226369929,0.0258958529846919,-0.8659719507011238,-0.792374282519894,-0.07359766818122981
1225,2017-04-13 02:00:00,0.6104359899999999,0.02567077,-0.8671729097133789,-0.7947488131551512,-0.07242409655822768
1226,2017-04-13 04:00:00,0.6086777924353185,0.024834004997361003,-0.8677525633473532,-0.8035763313080547,-0.06417623203929845
1227,2017-04-13 06:00:00,0.6427674192,0.025396675200000003,-0.8565136807371664,-0.7976403977876173,-0.05887328294954908
1228,2017-04-13 08:00:00,0.5936010100646841,0.0249814200027222,-0.8727231718075913,-0.8020211651243206,-0.07070200668327065
1229,2017-04-13 10:00:00,0.6343602002526911,0.0252086000100416,-0.8592854255696688,-0.799624511784059,-0.05966091378560978
1230,2017-04-13 12:00:00,0.6385363000106868,0.0246409000004124,-0.8579086227295402,-0.8056135076486092,-0.05229511508093099
1231,2017-04-13 14:00:00,0.651833475381,0.024473384121123,-0.8535247263007049,-0.8073807295814853,-0.04614399671921954
1232,2017-04-13 16:00:00,0.8791145391117869,0.023766180775028997,-0.7785932753810035,-0.8148414268570049,0.036248151476001356
1233,2017-04-13 18:00:00,0.8168597320130061,0.023831685563961,-0.7991178318313519,-0.8141503789384428,0.015032547107090899
1234,2017-04-13 20:00:00,0.8288349999094549,0.0243830999973363,-0.7951697501746421,-0.8083331890403925,0.013163438865750443
1235,2017-04-13 22:00:00,0.7993640000269601,0.0247399600008344,-0.8048859348184513,-0.8045684663894814,-0.00031746842896984706
1236,2017-04-14 00:00:00,0.7849701400197393,0.0241821100006081,-0.8096313931376434,-0.8104535488057683,0.0008221556681248243
1237,2017-04-14 02:00:00,0.8482204514071859,0.0242996600403128,-0.7887786325706738,-0.8092134454241795,0.02043481285350568
1238,2017-04-14 04:00:00,0.8183728885614892,0.0243991858378548,-0.7986189648611552,-0.8081634902017294,0.00954452534057415
1239,2017-04-14 06:00:00,0.9452664835922899,0.0242141960727072,-0.7567838861616932,-0.81011505426666,0.05333116810496674
1240,2017-04-14 08:00:00,0.8904820951346382,0.0246909700037332,-0.774845547997907,-0.8050852902138022,0.030239742215895205
1241,2017-04-14 10:00:00,0.9634983000968341,0.0250620600025188,-0.7507731061998156,-0.8011704471093348,0.050397340909519195
1242,2017-04-14 12:00:00,1.5553279406267746,0.025394442522582203,-0.5556549870998364,-0.7976639515934925,0.24200896449365605
1243,2017-04-14 14:00:00,1.3489537496003101,0.0257944499923572,-0.6236937287008942,-0.7934440413563296,0.1697503126554354
1244,2017-04-14 16:00:00,1.1867449752405053,0.0255431290195804,-0.6771717378899201,-0.796095371708813,0.11892363381889282
1245,2017-04-14 18:00:00,1.1262391454356495,0.0257808540328636,-0.6971196805031621,-0.7935874729994521,0.09646779249629
1246,2017-04-14 20:00:00,1.189892079399144,0.0260686399868362,-0.6761341807924157,-0.7905514524622264,0.11441727166981064
1247,2017-04-14 22:00:00,1.129464119374767,0.026021736609605,-0.6960564508065494,-0.7910462633262505,0.09498981251970107
1248,2017-04-15 00:00:00,1.1499394499999998,0.02603865,-0.6893060149953787,-0.7908678341851318,0.10156181918975316
1249,2017-04-15 02:00:00,1.1184724356506042,0.0254192784056392,-0.6996802582455958,-0.7974019434934434,0.09772168524784763
1250,2017-04-15 04:00:00,1.090354440108673,0.0253080800025224,-0.7089503759066351,-0.7985750397857018,0.08962466387906665
1251,2017-04-15 06:00:00,0.997109179958746,0.0264057249989075,-0.7396920598803387,-0.7869953476373991,0.047303287757060386
1252,2017-04-15 08:00:00,1.0808577311484224,0.025519025755275003,-0.712081310660604,-0.7963496509897691,0.08426834032916508
1253,2017-04-15 10:00:00,1.01203116456576,0.02561920997256,-0.734772486120646,-0.7952927497164981,0.06052026359585205
1254,2017-04-15 12:00:00,1.074844430166793,0.025918526263014,-0.7140638135580035,-0.7921350889884449,0.07807127543044134
1255,2017-04-15 14:00:00,1.1055144412312,0.025511871720720003,-0.7039523313647424,-0.7964251230395101,0.09247279167476763
1256,2017-04-15 16:00:00,1.1425828703775935,0.02542813267974,-0.6917313784456578,-0.7973085346329998,0.10557715618734198
1257,2017-04-15 18:00:00,1.101466495847252,0.0251861191583585,-0.7052868834646138,-0.799861675295558,0.0945747918309442
1258,2017-04-15 20:00:00,1.0514135956302222,0.0248491619676266,-0.7217886384917883,-0.8034164316591204,0.08162779316733204
1259,2017-04-15 22:00:00,1.0245412996672103,0.0255753069045273,-0.7306480660789328,-0.7957559085828518,0.06510784250391899
1260,2017-04-16 00:00:00,1.04428558,0.02580694,-0.7241386475272243,-0.793312277039169,0.06917362951194461
1261,2017-04-16 02:00:00,1.0125408080000002,0.025687374,-0.7346044636670706,-0.7945736479523182,0.05996918428524767
1262,2017-04-16 04:00:00,1.0232759747425615,0.026137857020194503,-0.731065226360271,-0.7898212419293605,0.05875601556908949
1263,2017-04-16 06:00:00,0.96731055,0.025916805,-0.7495162596688125,-0.7921532475878773,0.042636987919064784
1264,2017-04-16 08:00:00,0.9786008698785856,0.0259088699967855,-0.7457939959836511,-0.7922369585278646,0.04644296254421343
1265,2017-04-16 10:00:00,0.97881928575,0.026620987050000003,-0.7457219872651055,-0.7847244237129313,0.03900243644782575
1266,2017-04-16 12:00:00,0.9987352649917084,0.026800124999777502,-0.7391559619369438,-0.7828345938341152,0.04367863189717147
1267,2017-04-16 14:00:00,1.0527439031837091,0.031180528543945006,-0.7213500543285678,-0.7366231824088886,0.015273128080320775
1268,2017-04-16 16:00:00,0.9953307591623456,0.0313665599736024,-0.7402783808365707,-0.7346606292223523,-0.0056177516142184025
1269,2017-04-16 18:00:00,0.8626499999928999,0.033606899999723404,-0.7840214082164065,-0.7110259860586352,-0.07299542215777133
1270,2017-04-16 20:00:00,0.9250558599847604,0.032620179999462595,-0.7634470516979914,-0.7214354662432325,-0.042011585454758915
1271,2017-04-16 22:00:00,0.913558125,0.032628375,-0.7672376973002083,-0.7213490124410553,-0.045888684859152984
1272,2017-04-17 00:00:00,0.9564928999841902,0.0338557999994404,-0.7530826905800402,-0.7084001959516995,-0.04468249462834073
1273,2017-04-17 02:00:00,0.999790375,0.0317413,-0.7388081066316957,-0.730707279864753,-0.008100826766942681
1274,2017-04-17 04:00:00,0.9703871065481624,0.0317019570008318,-0.7485019611513463,-0.7311223319262657,-0.017379629225080517
1275,2017-04-17 06:00:00,0.9728054829664681,0.033474201757132005,-0.7477046555997131,-0.7124258965970056,-0.035278759002707494
1276,2017-04-17 08:00:00,0.9643889426822722,0.0331243949320797,-0.7504794735492011,-0.7161162111876255,-0.03436326236157561
1277,2017-04-17 10:00:00,0.955562416068609,0.0329950543767504,-0.7533894583710187,-0.7174806995403592,-0.03590875883065947
1278,2017-04-17 12:00:00,0.9863977498457484,0.034627499994585,-0.743223471545776,-0.7002590862085217,-0.04296438533725422
1279,2017-04-17 14:00:00,0.9769420888659228,0.0307222222215,-0.7463408733433247,-0.7414581209737359,-0.004882752369588794
1280,2017-04-17 16:00:00,0.9515367329071596,0.0314116459969352,-0.7547166709213249,-0.7341849906760969,-0.020531680245228
1281,2017-04-17 18:00:00,0.9368564956117876,0.030073275920812,-0.7595565439064789,-0.7483042309705878,-0.011252312935891018
1282,2017-04-17 20:00:00,0.9408660800076368,0.0309971200002516,-0.7582346388984935,-0.7385580652538271,-0.019676573644666462
1283,2017-04-17 22:00:00,0.95650799999228,0.0322016099997401,-0.7530777123143787,-0.7258512033488214,-0.02722650896555734
1284,2017-04-18 00:00:00,0.9305222297829032,0.0313484599926862,-0.7616448645139168,-0.7348515763934231,-0.02679328812049364
1285,2017-04-18 02:00:00,0.9284456400148314,0.0316255200005052,-0.7623294876925153,-0.731928710068048,-0.030400777624467246
1286,2017-04-18 04:00:00,0.9423310376052256,0.032647650003645605,-0.757751662461648,-0.721145669275361,-0.0366059931862871
1287,2017-04-18 06:00:00,0.94892886649177,0.031190398367952506,-0.7555764487272812,-0.7365190599248967,-0.0190573888023845
1288,2017-04-18 08:00:00,0.93359315,0.0326447,-0.7606324242175343,-0.7211767905706477,-0.039455633646886645
1289,2017-04-18 10:00:00,0.972556423992328,0.03676242999971,-0.7477867669291418,-0.6777364743449968,-0.07005029258414497
1290,2017-04-18 12:00:00,0.927565536,0.035341600000000015,-0.7626196459208738,-0.6927256320835179,-0.06989401383735594
1291,2017-04-18 14:00:00,0.910623219992786,0.0353696459997198,-0.7682052952465227,-0.6924297586054662,-0.07577553664105652
1292,2017-04-18 16:00:00,0.91293785,0.03535675,-0.7674421934643686,-0.6925658059679483,-0.07487638749642034
1293,2017-04-18 18:00:00,0.9279328027407228,0.0355741593388776,-0.7624985631113113,-0.690272229062246,-0.07222633404906531
1294,2017-04-18 20:00:00,0.942397740454078,0.034701060016720096,-0.7577296714468096,-0.6994830589742593,-0.05824661247255025
1295,2017-04-18 22:00:00,0.948347813259843,0.0364944243269218,-0.7557680140121984,-0.6805638212514253,-0.07520419276077306
1296,2017-04-19 00:00:00,0.89003598,0.03701784,-0.774992626042012,-0.6750420064754249,-0.09995061956658713
1297,2017-04-19 02:00:00,0.9059044500716128,0.034155000002700005,-0.7697610089999947,-0.705243762004542,-0.06451724699545269
1298,2017-04-19 04:00:00,0.900837719893518,0.0347579099958915,-0.7714314404799926,-0.6988833156514087,-0.07254812482858386
1299,2017-04-19 06:00:00,0.8927422642471209,0.0334433800092575,-0.7741004012261422,-0.7127510530483491,-0.06134934817779314
1300,2017-04-19 08:00:00,1.045988999983397,0.03653999999942,-0.7235770533108546,-0.6800830171128205,-0.04349403619803416
1301,2017-04-19 10:00:00,0.995860919370704,0.034954259977912,-0.7401035942838324,-0.6968119060858295,-0.04329168819800289
1302,2017-04-19 12:00:00,0.9703376420052108,0.0346819800716706,-0.7485182689330487,-0.6996843443539651,-0.04883392457908364
1303,2017-04-19 14:00:00,0.94108656,0.034101000000000006,-0.7581619496675679,-0.7058134392766408,-0.05234851039092714
1304,2017-04-19 16:00:00,0.9586526726421184,0.0339814764085824,-0.7523706431430088,-0.7070743627971173,-0.045296280345891504
1305,2017-04-19 18:00:00,0.9816858644172496,0.0354791115872199,-0.7447769155763928,-0.6912749427877302,-0.053501972788662644
1306,2017-04-19 20:00:00,1.0120249013228042,0.0371348000485384,-0.734774551025986,-0.6738081272520098,-0.06096642377397621
1307,2017-04-19 22:00:00,1.0029240934920585,0.0359039626997157,-0.737774962604959,-0.6867929425893353,-0.050982020015623686
1308,2017-04-20 00:00:00,0.9716699837114062,0.03419010016578,-0.7480790141375665,-0.7048734700757672,-0.04320554406179933
1309,2017-04-20 02:00:00,0.9727208693984151,0.0341922291953632,-0.7477325515331342,-0.7048510097108684,-0.04288154182226578
1310,2017-04-20 04:00:00,0.9505969005936534,0.0329532500205795,-0.7550265207509421,-0.7179217178809986,-0.037104802869943554
1311,2017-04-20 06:00:00,1.0042298098024725,0.033884859993334994,-0.7373444858374588,-0.7080936252624154,-0.029250860575043447
1312,2017-04-20 08:00:00,0.9864457073999999,0.034456267799999996,-0.7432076605975885,-0.7020655137016572,-0.04114214689593132
1313,2017-04-20 10:00:00,0.9938049327925216,0.0331544173338252,-0.7407814248731731,-0.7157994875010871,-0.024981937372085983
1314,2017-04-20 12:00:00,0.9362047998976024,0.03583999999608,-0.75977139904936,-0.6874677221578788,-0.0723036768914812
1315,2017-04-20 14:00:00,0.95407320025746,0.035641560009618,-0.7538804324083196,-0.6895611803895573,-0.06431925201876232
1316,2017-04-20 16:00:00,0.9121766560069584,0.0323399030002467,-0.7676931486886787,-0.7243922704721577,-0.043300878216520955
1317,2017-04-20 18:00:00,0.9260496899857475,0.0317597799995112,-0.7631193995710649,-0.7305123236576504,-0.032607075913414496
1318,2017-04-20 20:00:00,1.02267408,0.032350000000000004,-0.7312636628055286,-0.7242857513797829,-0.006977911425745664
1319,2017-04-20 22:00:00,0.9820912066728702,0.0328883805057891,-0.744643279791545,-0.7186060639250806,-0.026037215866464347
1320,2017-04-21 00:00:00,0.97655910799255,0.0329797279997484,-0.7464671368869973,-0.7176423863589722,-0.028824750528025134
1321,2017-04-21 02:00:00,0.97094821,0.03306463,-0.7483169730354333,-0.716746706035255,-0.03157026700017829
1322,2017-04-21 04:00:00,1.031824783682387,0.032633032634163,-0.7282468012482908,-0.7212998763634305,-0.006946924884860262
1323,2017-04-21 06:00:00,1.0095604811876722,0.031906126180647996,-0.7355870365598443,-0.7289684331190657,-0.006618603440778581
1324,2017-04-21 08:00:00,0.99639999996992,0.0299847499990948,-0.739925866800518,-0.749238142138594,0.009312275338075993
1325,2017-04-21 10:00:00,0.9704145496861001,0.0321964936895854,-0.7484929135249857,-0.725905178264866,-0.0225877352601197
1326,2017-04-21 12:00:00,0.944131633703271,0.031463168950772995,-0.7571580306124643,-0.7336414452256301,-0.02351658538683421
1327,2017-04-21 14:00:00,1.0054897999923595,0.032465719999753305,-0.7369290843450376,-0.723064954148476,-0.01386413019656152
1328,2017-04-21 16:00:00,0.9533881496447449,0.0315862999882302,-0.7541062842039843,-0.732342464669666,-0.021763819534318274
1329,2017-04-21 18:00:00,1.0224440287775205,0.034300425295758996,-0.7313395075398117,-0.7037095864471026,-0.02762992109270912
1330,2017-04-21 20:00:00,0.9802922303318364,0.0329755839917437,-0.7452363776290469,-0.7176861038970764,-0.027550273731970498
1331,2017-04-21 22:00:00,1.01582704,0.03327968,-0.7335210380275706,-0.7144780191604517,-0.0190430188671189
1332,2017-04-22 00:00:00,0.9921814933959594,0.033512022564105,-0.7413166505865159,-0.7120269030216785,-0.029289747564837376
1333,2017-04-22 02:00:00,1.010947623543836,0.033585509684882005,-0.7351297147413285,-0.7112516448660221,-0.023878069875306385
1334,2017-04-22 04:00:00,1.0241172071977895,0.033181650929158195,-0.7307878835522242,-0.7155121845469571,-0.015275699005267152
1335,2017-04-22 06:00:00,1.0167160132247437,0.0332015854679094,-0.7332279557422918,-0.7153018835638363,-0.017926072178455543
1336,2017-04-22 08:00:00,0.9979796780125696,0.0333882324994688,-0.7394050686056365,-0.7133328360366573,-0.02607223256897917
1337,2017-04-22 10:00:00,0.985275,0.032119965,-0.7435936267781601,-0.7267125236896894,-0.016881103088470684
1338,2017-04-22 12:00:00,0.9662377247800784,0.031883545248831004,-0.7498699554364775,-0.7292066524338019,-0.020663303002675604
1339,2017-04-22 14:00:00,0.978788402447106,0.032639361990183496,-0.7457321690666908,-0.7212331043246968,-0.024499064741994037
1340,2017-04-22 16:00:00,0.9664051281458486,0.0337214601487002,-0.7498147648417132,-0.7098174247642423,-0.03999734007747091
1341,2017-04-22 18:00:00,0.9605298062819068,0.0324455771917264,-0.7517517779155646,-0.7232774522846876,-0.02847432563087693
1342,2017-04-22 20:00:00,0.9793696063600004,0.03235716688,-0.7455405541043245,-0.7242101438160105,-0.02133041028831406
1343,2017-04-22 22:00:00,0.98726408,0.0323713,-0.7429378543704249,-0.7240610453559125,-0.018876809014512386
1344,2017-04-23 00:00:00,0.9818450399854864,0.0329320199995132,-0.7447244375736803,-0.7181456856566085,-0.02657875191707182
1345,2017-04-23 02:00:00,0.96734729317424,0.033586955522945,-0.7495041459479772,-0.7112363918837546,-0.03826775406422256
1346,2017-04-23 04:00:00,1.0334095867008282,0.032343957921962006,-0.7277243134191492,-0.7243494927568643,-0.003374820662284894
1347,2017-04-23 06:00:00,1.0507755840000002,0.033693472,-0.7219989821797816,-0.7101126879384165,-0.011886294241365114
1348,2017-04-23 08:00:00,1.034726931108581,0.033730234554472605,-0.7272900030273658,-0.7097248584810055,-0.017565144546360267
1349,2017-04-23 10:00:00,0.9935663219400804,0.0330557733627448,-0.7408600916001109,-0.7168401398259816,-0.0240199517741293
1350,2017-04-23 12:00:00,0.9920824,0.033473199999999995,-0.741349320320694,-0.7124364647125933,-0.02891285560810075
1351,2017-04-23 14:00:00,1.025233268066756,0.034069432194901994,-0.730419933583786,-0.7061464663172928,-0.024273467266493154
1352,2017-04-23 16:00:00,1.0193309985254997,0.0334359573502617,-0.7323658309374228,-0.7128293589727382,-0.019536471964684554
1353,2017-04-23 18:00:00,1.0179421999999998,0.03338996,-0.7328236987722642,-0.7133146116340469,-0.019509087138217307
1354,2017-04-23 20:00:00,1.0412462864440275,0.0334411509769494,-0.7251406609470035,-0.7127745683998528,-0.012366092547150709
1355,2017-04-23 22:00:00,1.029587227117625,0.033412703083812494,-0.728984492973067,-0.7130746816840915,-0.015909811288975506
1356,2017-04-24 00:00:00,1.0244910652462509,0.0337881218726705,-0.7306646276788604,-0.7091141716685752,-0.021550456010285268
1357,2017-04-24 02:00:00,1.0320928799770681,0.0338090079992488,-0.7281584135752622,-0.7088938318348916,-0.0192645817403706
1358,2017-04-24 04:00:00,1.0536449,0.03280228,-0.7210530080299872,-0.7195143879771506,-0.001538620052836559
1359,2017-04-24 06:00:00,1.0108399,0.0322791,-0.735165229716951,-0.7250337165014923,-0.010131513215458687
1360,2017-04-24 08:00:00,1.0132719959999998,0.03206346,-0.7343634010073148,-0.7273086276276609,-0.007054773379653878
1361,2017-04-24 10:00:00,1.0081678328954298,0.0332901995246761,-0.7360461736100041,-0.7143670426081994,-0.02167913100180474
1362,2017-04-24 12:00:00,1.054008305514948,0.034079780493518404,-0.720933198213629,-0.7060372961278131,-0.014895902085815926
1363,2017-04-24 14:00:00,1.008693637845451,0.0338281809778965,-0.7358728229262336,-0.7086915649899304,-0.027181257936303216
1364,2017-04-24 16:00:00,1.0221529891448995,0.0339766050048165,-0.7314354593168294,-0.7071257540539673,-0.024309705262862136
1365,2017-04-24 18:00:00,1.0137228515307142,0.0325726100491844,-0.7342147601196092,-0.7219373091719988,-0.012277450947610347
1366,2017-04-24 20:00:00,1.009855423738943,0.033018987977744996,-0.7354897980440527,-0.7172282101358336,-0.01826158790821908
1367,2017-04-24 22:00:00,1.021719195679628,0.0332133856090715,-0.7315784750754619,-0.7151773970473271,-0.01640107802813484
1368,2017-04-25 00:00:00,1.019756187357804,0.0332505751283598,-0.7322256520083187,-0.7147850632910397,-0.017440588717278938
1369,2017-04-25 02:00:00,1.0201276789076386,0.0333970772346945,-0.7321031763371098,-0.7132395278073262,-0.018863648529783505
1370,2017-04-25 04:00:00,1.0330510564876678,0.0334515619882483,-0.7278425159153434,-0.712664736618001,-0.01517777929734243
1371,2017-04-25 06:00:00,1.0029981,0.03396985,-0.7377505636738447,-0.7071970165081239,-0.030553547165720785
1372,2017-04-25 08:00:00,1.0104000729361673,0.0341738812116409,-0.7353102346703146,-0.7050445732070315,-0.030265661463283133
1373,2017-04-25 10:00:00,1.0244499907124944,0.0364154252797332,-0.7306781693895498,-0.6813972279079181,-0.049280941481631646
1374,2017-04-25 12:00:00,1.016727678820658,0.0360667892958432,-0.7332241097552423,-0.6850751906176852,-0.048148919137557145
1375,2017-04-25 14:00:00,1.016192,0.036108,-0.7334007157188013,-0.6846404350556208,-0.0487602806631805
1376,2017-04-25 16:00:00,0.9883840986838682,0.0358421533265313,-0.7425685995646713,-0.6874450054290622,-0.05512359413560908
1377,2017-04-25 18:00:00,0.9926950000000001,0.03570875,-0.7411473544988174,-0.6888523543058661,-0.0522950001929513
1378,2017-04-25 20:00:00,0.9844880923297628,0.035192756469521004,-0.7438530594493332,-0.6942958686052436,-0.049557190844089605
1379,2017-04-25 22:00:00,0.995673504007261,0.034556760000252,-0.7401653825598855,-0.7010053633378727,-0.03916001922201284
1380,2017-04-26 00:00:00,1.0037886644188454,0.034954757272832,-0.7374899254227858,-0.6968066598339909,-0.04068326558879487
1381,2017-04-26 02:00:00,1.0130324849926085,0.037551699999726,-0.7344423645029994,-0.6694100084546813,-0.06503235604831803
1382,2017-04-26 04:00:00,1.0218686400149397,0.0387280800005662,-0.7315292053268396,-0.6569996951894531,-0.07452951013738651
1383,2017-04-26 06:00:00,1.0050514338816048,0.038685476538372,-0.7370736076421998,-0.6574491437618836,-0.07962446388031619
1384,2017-04-26 08:00:00,1.0137010195412477,0.0381358905920352,-0.7342219578272421,-0.6632470438922287,-0.07097491393501343
1385,2017-04-26 10:00:00,1.02601,0.038822,-0.7301638557136008,-0.6560088787746797,-0.07415497693892104
1386,2017-04-26 12:00:00,0.995622416668502,0.037120409676056,-0.7401822253551189,-0.673959939617387,-0.06622228573773192
1387,2017-04-26 14:00:00,1.00671999982125,0.038593279993147496,-0.7365235043262416,-0.6584217784610374,-0.07810172586520414
1388,2017-04-26 16:00:00,1.0018099999858001,0.0386896199994516,-0.7381422639608829,-0.6574054319936086,-0.08073683196727433
1389,2017-04-26 18:00:00,0.974557468969979,0.0391073750533405,-0.7471270498323028,-0.6529982922231341,-0.09412875760916872
1390,2017-04-26 20:00:00,0.9650520426353631,0.0391935453972664,-0.7502608585850933,-0.6520892314081517,-0.09817162717694161
1391,2017-04-26 22:00:00,0.9790118544365142,0.0391476067968771,-0.7456585000090826,-0.6525738642830646,-0.093084635726018
1392,2017-04-27 00:00:00,0.9878762970237296,0.041131681378402,-0.7427360148105744,-0.6316427135658522,-0.11109330124472216
1393,2017-04-27 02:00:00,0.9659934165156301,0.043202354110300004,-0.7499505005220483,-0.6097979888559231,-0.1401525116661252
1394,2017-04-27 04:00:00,0.9647045432095708,0.0421103997035904,-0.7503754243819132,-0.6213176476812464,-0.12905777670066676
1395,2017-04-27 06:00:00,0.9585118786932793,0.0423893822531376,-0.7524170609777993,-0.618374499350826,-0.13404256162697326
1396,2017-04-27 08:00:00,0.95270720455824,0.041171565034743986,-0.75433078246394,-0.6312219577989969,-0.1231088246649431
1397,2017-04-27 10:00:00,1.0010298578572536,0.043560486239873984,-0.7383994661257092,-0.6060198458110039,-0.1323796203147053
1398,2017-04-27 12:00:00,1.0011731425236778,0.0412220162220191,-0.7383522271354762,-0.6306897190341083,-0.1076625081013679
1399,2017-04-27 14:00:00,0.9797753398295448,0.042520829992602496,-0.7454067893416091,-0.6169877810934599,-0.12841900824814922
1400,2017-04-27 16:00:00,0.9785896750445116,0.042415163055078496,-0.7457976867669756,-0.6181025227547543,-0.12769516401222125
1401,2017-04-27 18:00:00,0.9656351953365048,0.040334921952378,-0.7500686011339577,-0.6400481897443991,-0.11002041138955854
1402,2017-04-27 20:00:00,0.9792978890056,0.0411593142173236,-0.7455641983328982,-0.6313511987601094,-0.11421299957278885
1403,2017-04-27 22:00:00,0.9788078771266796,0.0417708370256996,-0.7457257485318136,-0.624899890836345,-0.12082585769546861
1404,2017-04-28 00:00:00,0.9725113114985632,0.0415970076225704,-0.7478016398998896,-0.6267337177851202,-0.12106792211476936
1405,2017-04-28 02:00:00,0.9387172294567312,0.0389881637775555,-0.7589430854665705,-0.654255920945301,-0.10468716452126947
1406,2017-04-28 04:00:00,0.941053119901426,0.039924159995818005,-0.7581729744096379,-0.6443815552850465,-0.11379141912459145
1407,2017-04-28 06:00:00,0.943687571915548,0.039839731348743,-0.7573044316962411,-0.6452722419322283,-0.11203218976401275
1408,2017-04-28 08:00:00,0.9186656135240816,0.0402534928881162,-0.7655538283522942,-0.6409072320569695,-0.12464659629532471
1409,2017-04-28 10:00:00,0.95388276,0.04034211,-0.7539432179504618,-0.6399723588711348,-0.11397085907932702
1410,2017-04-28 12:00:00,0.93200852,0.03896083,-0.7611548550048679,-0.6545442807796602,-0.1066105742252077
1411,2017-04-28 14:00:00,0.944255157847407,0.0380444052567375,-0.7571173063955333,-0.6642121756263688,-0.09290513076916451
1412,2017-04-28 16:00:00,0.9346916,0.0416861,-0.7602702803111673,-0.6257938307480612,-0.13447644956310612
1413,2017-04-28 18:00:00,0.9571309343107588,0.040273153441263004,-0.7528723394093725,-0.6406998215065137,-0.11217251790285876
1414,2017-04-28 20:00:00,0.9517462964678453,0.0405320451604803,-0.7546475806882701,-0.6379686229695057,-0.11667895771876435
1415,2017-04-28 22:00:00,0.9651849689863412,0.0404062469994282,-0.750217034589461,-0.6392957405554314,-0.11092129403402962
1416,2017-04-29 00:00:00,0.9599341245793208,0.0412072591569624,-0.7519481660067167,-0.6308453998516147,-0.12110276615510196
1417,2017-04-29 02:00:00,0.9608541299932,0.04200848999970271,-0.7516448528340995,-0.6223927521110306,-0.12925210072306892
1418,2017-04-29 04:00:00,0.9936836330747424,0.0415458625818446,-0.7408214157272293,-0.6272732764115136,-0.11354813931571561
1419,2017-04-29 06:00:00,1.0151795126211096,0.0410560944364278,-0.7337345189274488,-0.6324401239502437,-0.10129439497720505
1420,2017-04-29 08:00:00,1.0071763970027403,0.041550298399363986,-0.7363730364322456,-0.6272264804060022,-0.10914655602624346
1421,2017-04-29 10:00:00,0.9705989441795364,0.0409495486905895,-0.7484321211883608,-0.6335641366689114,-0.11486798451944935
1422,2017-04-29 12:00:00,0.9704212667787616,0.0414777514882016,-0.7484906989916197,-0.6279918197464422,-0.12049887924517744
1423,2017-04-29 14:00:00,0.9473708000000001,0.0400728,-0.7560901218901099,-0.6428134658799853,-0.1132766560101246
1424,2017-04-29 16:00:00,0.9727000000137,0.040612000000572,-0.7477394318831766,-0.6371251331006703,-0.11061429878250628
1425,2017-04-29 18:00:00,0.96824409316,0.04120522833,-0.7492084832868883,-0.630866824220248,-0.11834165906664029
1426,2017-04-29 20:00:00,0.9654524999999999,0.040892277000000005,-0.7501288332818359,-0.6341683288695075,-0.11596050441232841
1427,2017-04-29 22:00:00,0.962200745095326,0.04131451230051,-0.7512008922956528,-0.6297139243852216,-0.12148696791043123
1428,2017-04-30 00:00:00,0.9732185749129094,0.042632260664079005,-0.7475684648480421,-0.6158122344678878,-0.13175623038015427
1429,2017-04-30 02:00:00,0.9672035506936968,0.042780595679044096,-0.749551535873249,-0.614247362570538,-0.13530417330271094
1430,2017-04-30 04:00:00,0.9815989432970216,0.0418204765069008,-0.7448055722781318,-0.6243762152284714,-0.1204293570496604
1431,2017-04-30 06:00:00,0.9827178197520824,0.0414971599895312,-0.744436694049557,-0.6277870682364396,-0.11664962581311744
1432,2017-04-30 08:00:00,0.9827628520222808,0.041794477561630405,-0.7444218475274191,-0.6246504931447405,-0.11977135438267861
1433,2017-04-30 10:00:00,0.9892697485427866,0.042020124612740996,-0.7422766129475451,-0.6222700118464719,-0.1200066011010732
1434,2017-04-30 12:00:00,0.99615289662,0.042649574731002005,-0.7400073333874508,-0.6156295783582497,-0.12437775502920112
1435,2017-04-30 14:00:00,0.992356816963203,0.044634252674394005,-0.7412588488099037,-0.5946920624276048,-0.14656678638229892
1436,2017-04-30 16:00:00,0.9935035812348084,0.0467301334041386,-0.7408807763505277,-0.572581403963411,-0.16829937238711679
1437,2017-04-30 18:00:00,0.9806549530406294,0.0462837639949276,-0.7451167929245174,-0.5772904131240282,-0.1678263798004892
1438,2017-04-30 20:00:00,0.9960518688905642,0.0505856891714235,-0.7400406408448584,-0.5319069154058118,-0.20813372543904662
1439,2017-04-30 22:00:00,1.004548490839261,0.04602332904929371,-0.7372394210684227,-0.5800378920493932,-0.1572015290190295
1440,2017-05-01 00:00:00,1.0063319202607215,0.04746305935371,-0.7366514488371714,-0.5648493440610839,-0.17180210477608748
1441,2017-05-01 02:00:00,1.0012738399585848,0.04695481802936991,-0.7383190285716469,-0.5702110758525883,-0.16810795271905854
1442,2017-05-01 04:00:00,0.987850816186344,0.0518240834470238,-0.7427444154933441,-0.5188423776755815,-0.22390203781776263
1443,2017-05-01 06:00:00,1.0083924679269003,0.0534578656803658,-0.7359721145196463,-0.5016066636134101,-0.23436545090623617
1444,2017-05-01 08:00:00,1.00287675592,0.052015947879999996,-0.7377905691535166,-0.5168182887621442,-0.2209722803913724
1445,2017-05-01 10:00:00,1.011962399993064,0.0535161199996332,-0.7347951568575716,-0.5009921050943562,-0.23380305176321536
1446,2017-05-01 12:00:00,1.0295452921469979,0.0545078480077826,-0.728998318357997,-0.4905297925369815,-0.23846852582101552
1447,2017-05-01 14:00:00,1.015745396,0.047775652,-0.7335479549351144,-0.5615516233738104,-0.171996331561304
1448,2017-05-01 16:00:00,0.9745438665430494,0.0428849217014634,-0.7471315343659859,-0.613146766998517,-0.1339847673674689
1449,2017-05-01 18:00:00,0.9674340028547534,0.0435734020280164,-0.7494755589550136,-0.6058835896890024,-0.14359196926601125
1450,2017-05-01 20:00:00,0.922515375,0.044403000000000005,-0.7642846147700002,-0.5971316806892223,-0.16715293408077792
1451,2017-05-01 22:00:00,0.9772568999936128,0.045089099999705305,-0.7462370844302659,-0.5898936148248465,-0.15634346960541945
1452,2017-05-02 00:00:00,0.9777112094959356,0.0461925356466,-0.7460873048154715,-0.578252833753932,-0.16783447106153948
1453,2017-05-02 02:00:00,0.9723184725333316,0.045215170500078505,-0.7478652162631003,-0.588563624173851,-0.15930159208924932
1454,2017-05-02 04:00:00,0.98465599970296,0.0455870799862478,-0.7437977026902295,-0.5846401358228297,-0.1591575668673998
1455,2017-05-02 06:00:00,0.9669012888264852,0.0460672599440888,-0.7496511874671659,-0.5795744396224227,-0.17007674784474314
1456,2017-05-02 08:00:00,0.9328242676853428,0.046107102948148,-0.7608859141760819,-0.5791541127200194,-0.1817318014560625
1457,2017-05-02 10:00:00,0.9417587623908354,0.0416009322854751,-0.757940333754521,-0.6266923142453856,-0.13124801950913534
1458,2017-05-02 12:00:00,0.92350125,0.044226,-0.7639595852978442,-0.5989989560988489,-0.16496062919899535
1459,2017-05-02 14:00:00,0.9234736499940764,0.045850189999705915,-0.7639686846414293,-0.5818644360592315,-0.18210424858219776
1460,2017-05-02 16:00:00,0.9209355639,0.0453817947,-0.764805456832066,-0.5868058090825397,-0.17799964774952637
1461,2017-05-02 18:00:00,0.9262079984787841,0.04802971557798401,-0.7630672074311592,-0.5588713596921646,-0.20419584773899457
1462,2017-05-02 20:00:00,0.932003320393238,0.04507269398136849,-0.7611565692439359,-0.5900666914045652,-0.17108987783937069
1463,2017-05-02 22:00:00,0.9494364080900002,0.047544449079999995,-0.7554091192202241,-0.5639907167475384,-0.1914184024726857
1464,2017-05-03 00:00:00,0.949388999922377,0.0484790999960363,-0.7554247490431716,-0.5541305434588404,-0.2012942055843312
1465,2017-05-03 02:00:00,0.9326923121940702,0.0482562651996932,-0.7609294180925787,-0.5564813566544371,-0.20444806143814165
1466,2017-05-03 04:00:00,0.92793616,0.0453574,-0.762497456268952,-0.5870631628872585,-0.17543429338169358
1467,2017-05-03 06:00:00,0.9217038436279236,0.0484387299592628,-0.7645521655381038,-0.5545564303342804,-0.20999573520382342
1468,2017-05-03 08:00:00,0.9387771461212012,0.047744847050828994,-0.7589233317636912,-0.561876602605911,-0.1970467291577802
1469,2017-05-03 10:00:00,0.9242210706605,0.0492030234397395,-0.763722270294087,-0.546493456199636,-0.21722881409445105
1470,2017-05-03 12:00:00,0.94343240451031,0.051087272779400006,-0.7573885568916624,-0.5266154197162846,-0.23077313717537784
1471,2017-05-03 14:00:00,0.94134644,0.0515485,-0.7580762707942587,-0.5217496669068112,-0.23632660388744742
1472,2017-05-03 16:00:00,1.312032,0.049600000000000005,-0.6358663233844625,-0.5423055207805818,-0.09356080260388067
1473,2017-05-03 18:00:00,1.158672,0.048900160000000005,-0.686427012974762,-0.5496885378578308,-0.13673847511693127
1474,2017-05-03 20:00:00,1.3452676999832889,0.0486058999993962,-0.6249089687276329,-0.5527928568587585,-0.07211611186887446
1475,2017-05-03 22:00:00,1.2870998292159332,0.0490502232006072,-0.6440861182972529,-0.5481054343302394,-0.09598068396701354
1476,2017-05-04 00:00:00,1.2110129988622025,0.0479552984945433,-0.6691709031917805,-0.5596564285620232,-0.10951447462975727
1477,2017-05-04 02:00:00,1.1663159761884427,0.0471656520076206,-0.6839068988165755,-0.5679868662305474,-0.11592003258602812
1478,2017-05-04 04:00:00,1.1186350601440171,0.04703911946941201,-0.699626643179534,-0.5693217311859968,-0.13030491199353722
1479,2017-05-04 06:00:00,1.125127780118,0.0478425353875,-0.6974860824127025,-0.5608460318213172,-0.1366400505913853
1480,2017-05-04 08:00:00,1.13210664,0.0486388,-0.6951852479826817,-0.5524457757169269,-0.14273947226575479
1481,2017-05-04 10:00:00,1.0932976204828633,0.048609729102300006,-0.7079800496852756,-0.5527524614367629,-0.15522758824851268
1482,2017-05-04 12:00:00,1.105178249918886,0.0482815499964564,-0.7040631690315712,-0.5562146127039663,-0.14784855632760485
1483,2017-05-04 14:00:00,1.17341523,0.051131470000000005,-0.6815663721584578,-0.5261491576643059,-0.1554172144941519
1484,2017-05-04 16:00:00,1.17046496,0.0504798,-0.6825390357322554,-0.5330240015410933,-0.14951503419116208
1485,2017-05-04 18:00:00,1.154908,0.04839,-0.6876679521741482,-0.5550705108689896,-0.1325974413051586
1486,2017-05-04 20:00:00,1.1408196000000002,0.04743905,-0.6923127045165061,-0.5651026326248336,-0.12721007189167244
1487,2017-05-04 22:00:00,1.1206278930051778,0.047796177434276,-0.698969633504922,-0.561335088691915,-0.13763454481300708
1488,2017-05-05 00:00:00,1.1737758283428603,0.0499975065695534,-0.6814474878282535,-0.5381119939868413,-0.1433354938414122
1489,2017-05-05 02:00:00,1.1419320846311851,0.048807204302437804,-0.6919459335846377,-0.5506691812942296,-0.14127675229040815
1490,2017-05-05 04:00:00,1.186063491442214,0.050708355992140006,-0.6773964137557666,-0.5306128321408343,-0.14678358161493232
1491,2017-05-05 06:00:00,1.13749197,0.05170791,-0.6934097785090815,-0.5200679585845028,-0.17334181992457864
1492,2017-05-05 08:00:00,1.114342,0.04850762,-0.7010420062555259,-0.5538296694357676,-0.14721233681975832
1493,2017-05-05 10:00:00,1.1051383482707215,0.0474274774577824,-0.7040763240579601,-0.5652247180683918,-0.13885160598956825
1494,2017-05-05 12:00:00,1.1241325036978456,0.0509753714540946,-0.6978142114041994,-0.5277959315414112,-0.17001827986278817
1495,2017-05-05 14:00:00,1.09449130278409,0.047981047069285,-0.7075865089947322,-0.559384791949322,-0.1482017170454102
1496,2017-05-05 16:00:00,1.0989847201668288,0.04584900000696,-0.7061050908838277,-0.5818769899812207,-0.12422810090260694
1497,2017-05-05 18:00:00,1.0780299772854,0.046346318266599996,-0.7130135823436115,-0.5766304919191639,-0.13638309042444752
1498,2017-05-05 20:00:00,1.0904830487142696,0.048556614843369005,-0.7089079754124633,-0.553312794485364,-0.15559518092709934
1499,2017-05-05 22:00:00,1.080904756,0.050037028,-0.7120658072117017,-0.5376950595505351,-0.17437074766116656
1500,2017-05-06 00:00:00,1.1051324862501002,0.04945685514366,-0.7040782566857964,-0.5438156386916452,-0.1602626179941512
1501,2017-05-06 02:00:00,1.15125731,0.05382301,-0.6888715346198995,-0.4977545449183945,-0.19111698970150498
1502,2017-05-06 04:00:00,1.1832323918015537,0.0518205113777706,-0.6783297884957943,-0.5188800615008808,-0.15944972699491344
1503,2017-05-06 06:00:00,1.1148040450821246,0.050513235084398096,-0.7008896763261179,-0.5326712754907241,-0.16821840083539374
1504,2017-05-06 08:00:00,1.129869440036029,0.0502230400016015,-0.6959228221410657,-0.5357327113218011,-0.1601901108192646
1505,2017-05-06 10:00:00,1.1302197158715857,0.0551036119063207,-0.6958073410000081,-0.48424473447097316,-0.2115626065290349
1506,2017-05-06 12:00:00,1.142735,0.0555212,-0.6916812233946928,-0.4798393560603506,-0.21184186733434224
1507,2017-05-06 14:00:00,1.13151402,0.05701626000000001,-0.6953806266724638,-0.46406710310037125,-0.23131352357209256
1508,2017-05-06 16:00:00,1.1596584097444882,0.05335162605799769,-0.6861018072046792,-0.5027274468584723,-0.1833743603462069
1509,2017-05-06 18:00:00,1.1618800024305358,0.055497266401186,-0.6853693785518665,-0.4800918454418718,-0.20527753310999475
1510,2017-05-06 20:00:00,1.1542401500072004,0.0529631200003304,-0.6878881331612298,-0.5068260220447609,-0.18106211111646886
1511,2017-05-06 22:00:00,1.1993895372006822,0.053220253696110005,-0.6730029991557404,-0.504113369914164,-0.16888962924157636
1512,2017-05-07 00:00:00,1.193147702963081,0.054381659955582605,-0.6750608463346753,-0.49186102331021153,-0.1831998230244638
1513,2017-05-07 02:00:00,1.17583905,0.05359095,-0.6807672719325661,-0.5002026801249365,-0.18056459180762963
1514,2017-05-07 04:00:00,1.2395518099999998,0.05647369,-0.6597620483977381,-0.4697909879534849,-0.18997106044425321
1515,2017-05-07 06:00:00,1.2021432825428,0.0541280830639666,-0.6720951270674934,-0.49453615265577144,-0.17755897441172197
1516,2017-05-07 08:00:00,1.2039879750075084,0.054567105000340295,-0.6714869572507374,-0.489904656237256,-0.18158230101348138
1517,2017-05-07 10:00:00,1.2101055313451483,0.0562850941063428,-0.6694700827916962,-0.4717805951545167,-0.19768948763717947
1518,2017-05-07 12:00:00,1.2582973182399424,0.0588883715283717,-0.6535819113128911,-0.4443171154110667,-0.2092647959018244
1519,2017-05-07 14:00:00,1.2759408815040432,0.0558480472537824,-0.6477650703800337,-0.476391255271131,-0.1713738151089027
1520,2017-05-07 16:00:00,1.2613247239989542,0.056257904304037806,-0.6525838171368002,-0.47206743611065644,-0.1805163810261438
1521,2017-05-07 18:00:00,1.274163899728221,0.05395689998849099,-0.6483509169109085,-0.4963420619630023,-0.15200885494790622
1522,2017-05-07 20:00:00,1.2425496219,0.05613615,-0.6587737109112617,-0.47335189270922134,-0.18542181820204034
1523,2017-05-07 22:00:00,1.2427684605,0.052525262999999996,-0.6587015628248964,-0.5114452288789407,-0.14725633394595572
1524,2017-05-08 00:00:00,1.1466143499163564,0.0513404499962548,-0.6904022549092139,-0.5239445067710267,-0.16645774813818726
1525,2017-05-08 02:00:00,1.182425129559986,0.05373161767363111,-0.6785959317900945,-0.49871869544753117,-0.1798772363425633
1526,2017-05-08 04:00:00,1.2065226813503935,0.0531357937635357,-0.6706512993177355,-0.5050043866101793,-0.16564691270755616
1527,2017-05-08 06:00:00,1.1953743645250692,0.050665580114832,-0.6743267465429541,-0.5310640996200572,-0.14326264692289692
1528,2017-05-08 08:00:00,1.183872940669778,0.0582410825161724,-0.6781186083152145,-0.4511457417127686,-0.22697286660244592
1529,2017-05-08 10:00:00,1.1739440984,0.06258659820000001,-0.681392011497226,-0.4053023825118763,-0.27608962898534967
1530,2017-05-08 12:00:00,1.156661280579,0.059237581298224484,-0.6870899196029464,-0.44063309950119406,-0.24645682010175235
1531,2017-05-08 14:00:00,1.175182908471936,0.0583286754937536,-0.6809835927993356,-0.4502216727122413,-0.23076192008709434
1532,2017-05-08 16:00:00,1.1395420847494324,0.0602677676493277,-0.6927338837811827,-0.4297650676325614,-0.26296881614862133
1533,2017-05-08 18:00:00,1.1895529945204804,0.059291472824087005,-0.6762459724284021,-0.440064566614017,-0.23618140581438513
1534,2017-05-08 20:00:00,1.1143691,0.0557193,-0.7010330717570395,-0.47774948454257077,-0.22328358721446878
1535,2017-05-08 22:00:00,1.2047860233456278,0.055417359767958,-0.671223851654091,-0.48093482674861016,-0.19028902490548089
1536,2017-05-09 00:00:00,1.2122903500918267,0.055331900004191206,-0.6687497780025603,-0.4818363912423629,-0.18691338676019742
1537,2017-05-09 02:00:00,1.141939590006529,0.053379480000305186,-0.6919434591652778,-0.5024335995051844,-0.18950985966009337
1538,2017-05-09 04:00:00,1.194038159993122,0.0527223199996963,-0.6747672748591313,-0.5093663605748294,-0.16540091428430193
1539,2017-05-09 06:00:00,1.1359822500064,0.051812250000291896,-0.6939075124942449,-0.5189672155518166,-0.1749402969424283
1540,2017-05-09 08:00:00,1.0243497305867262,0.0511547795309472,-0.7307112237785511,-0.5259032519357882,-0.2048079718427629
1541,2017-05-09 10:00:00,1.1172376259875676,0.0511511579994308,-0.7000873580635137,-0.5259414575671203,-0.17414590049639345
1542,2017-05-09 12:00:00,1.1188318078674668,0.0510034559939583,-0.6995617781523239,-0.5274996514810826,-0.17206212667124132
1543,2017-05-09 14:00:00,1.062679819993969,0.0494769599997192,-0.7180743187675441,-0.5436035409326994,-0.17447077783484477
1544,2017-05-09 16:00:00,1.1359076599936506,0.0487681399997274,-0.6939321037988951,-0.5510812932255592,-0.14285081057333593
1545,2017-05-09 18:00:00,1.134318554,0.049136924000000005,-0.694456010259974,-0.5471907774336228,-0.1472652328263513
1546,2017-05-09 20:00:00,1.0598289438,0.0498397152,-0.7190142135660813,-0.5397766264400523,-0.179237587126029
1547,2017-05-09 22:00:00,1.0912282401910811,0.048025015695391804,-0.7086622959983762,-0.5589209414729136,-0.14974135452546256
1548,2017-05-10 00:00:00,1.08233009896788,0.04952134417770001,-0.7115958911751948,-0.5431353065591397,-0.16846058461605518
1549,2017-05-10 02:00:00,1.05677070243325,0.048050716837168994,-0.7200224738193185,-0.558649805257999,-0.1613726685613195
1550,2017-05-10 04:00:00,1.0597476602064253,0.0476709173063144,-0.7190410116525674,-0.5626565302554708,-0.1563844813970966
1551,2017-05-10 06:00:00,1.0714626,0.0522288,-0.7151787566025415,-0.5145727885951221,-0.20060596800741937
1552,2017-05-10 08:00:00,1.3609077074189475,0.0520681332999675,-0.6197526726846992,-0.5162677545731817,-0.1034849181115175
1553,2017-05-10 10:00:00,1.2737827279776843,0.05130941343911,-0.6484765840115833,-0.5242719293696478,-0.12420465464193542
1554,2017-05-10 12:00:00,1.2181264705764,0.0512508798870453,-0.6668256890860755,-0.5248894336770407,-0.14193625540903487
1555,2017-05-10 14:00:00,1.2068621572806009,0.0500426478344417,-0.6705393787574161,-0.537635772665455,-0.13290360609196106
1556,2017-05-10 16:00:00,1.1796458,0.0499231,-0.6795122386442389,-0.5388969519396195,-0.14061528670461942
1557,2017-05-10 18:00:00,1.1835593,0.05768081,-0.6782220113443456,-0.4570563806514033,-0.22116563069294226
1558,2017-05-10 20:00:00,1.3829377985548257,0.0615774399516135,-0.6124896536473549,-0.41594857675839586,-0.196541076888959
1559,2017-05-10 22:00:00,1.2782879999786954,0.06168599999897191,-0.6469912575955491,-0.41480331400754694,-0.23218794358800215
1560,2017-05-11 00:00:00,1.2484414562022108,0.05814395775339301,-0.6568312539128817,-0.45217036703030405,-0.2046608868825776
1561,2017-05-11 02:00:00,1.2366694443543504,0.0531141010920042,-0.6607123248368059,-0.5052332351532295,-0.15547908968357638
1562,2017-05-11 04:00:00,1.2183588,0.051618592000000005,-0.6667490932601148,-0.5210102258445991,-0.14573886741551567
1563,2017-05-11 06:00:00,1.227321276595308,0.05360479229941201,-0.6637942875930851,-0.5000566496994862,-0.16373763789359896
1564,2017-05-11 08:00:00,1.223259005,0.054268715,-0.665133562848444,-0.4930525449949616,-0.17208101785348245
1565,2017-05-11 10:00:00,1.219432236406146,0.055160101162152,-0.6663951959927304,-0.48364879662734667,-0.18274639936538378
1566,2017-05-11 12:00:00,1.2452906807278945,0.0563922870824851,-0.657870021392835,-0.4706497544288941,-0.1872202669639409
1567,2017-05-11 14:00:00,1.2986361780888005,0.0586080153415728,-0.6402827422254843,-0.4472747550356219,-0.1930079871898624
1568,2017-05-11 16:00:00,1.2711358992283637,0.0576112468799351,-0.6493492071649027,-0.45779024225317777,-0.19155896491172497
1569,2017-05-11 18:00:00,1.279615741968258,0.0558229741727658,-0.6465535192635833,-0.4766557657096953,-0.16989775355388798
1570,2017-05-11 20:00:00,1.2488408543446,0.060048276443672007,-0.6566995778206786,-0.43208060735544374,-0.22461897046523482
1571,2017-05-11 22:00:00,1.3027977310753025,0.0559147043734542,-0.6389107352564956,-0.47568805074887294,-0.16322268450762262
1572,2017-05-12 00:00:00,1.3084065531487377,0.05840291586939341,-0.6370615835101329,-0.4494384680352149,-0.18762311547491795
1573,2017-05-12 02:00:00,1.2800449979864388,0.0563918104667701,-0.6464119994390527,-0.4706547825238346,-0.17575721691521812
1574,2017-05-12 04:00:00,1.2194808261661083,0.0571096346543248,-0.666379176614987,-0.4630820398466816,-0.2032971367683054
1575,2017-05-12 06:00:00,1.2386699855743355,0.0581916950664126,-0.6600527738219633,-0.45166675849514515,-0.2083860153268181
1576,2017-05-12 08:00:00,1.28390115,0.060287500000000015,-0.6451406789841058,-0.429556899648468,-0.21558377933563777
1577,2017-05-12 10:00:00,1.2702579000069414,0.05753520000031439,-0.6496386714717289,-0.45859250478591557,-0.19104616668581337
1578,2017-05-12 12:00:00,1.3521840945833474,0.0590641887739176,-0.6226287282447327,-0.442462317562501,-0.18016641068223171
1579,2017-05-12 14:00:00,1.31609227271,0.06350717992,-0.6345277071341869,-0.3955906333123975,-0.23893707382178941
1580,2017-05-12 16:00:00,1.37894083323492,0.0607002214840135,-0.6138073983189963,-0.4252028619189596,-0.18860453640003672
1581,2017-05-12 18:00:00,1.308766966093497,0.056618411985098385,-0.6369427603031408,-0.4682642319986456,-0.1686785283044952
1582,2017-05-12 20:00:00,1.3194281095850418,0.05814572479934081,-0.6334279274474182,-0.4521517254402136,-0.18127620200720457
1583,2017-05-12 22:00:00,1.2672044084576448,0.056236882032144005,-0.6506453657752669,-0.47228921222004505,-0.17835615355522183
1584,2017-05-13 00:00:00,1.3089069599208694,0.0596311049942745,-0.6368966062574293,-0.43648159034447337,-0.2004150159129559
1585,2017-05-13 02:00:00,1.3440370000000001,0.056321,-0.6253147136404775,-0.4714018031076989,-0.1539129105327786
1586,2017-05-13 04:00:00,1.3144250049924244,0.0565816109996739,-0.635077382444126,-0.4686524668864036,-0.16642491555772243
1587,2017-05-13 06:00:00,1.3122600050304205,0.0546465850012668,-0.6357911532516501,-0.48906617572150934,-0.1467249775301408
1588,2017-05-13 08:00:00,1.327524908,0.059681698,-0.6307585240088818,-0.43594785545469755,-0.19481066855418422
1589,2017-05-13 10:00:00,1.3372933840594718,0.0602441521071841,-0.6275379913679504,-0.4300142016502436,-0.1975237897177068
1590,2017-05-13 12:00:00,1.33197006,0.06000434,-0.629293018332997,-0.4325441183207272,-0.1967489000122698
1591,2017-05-13 14:00:00,1.33490676,0.059466,-0.6283248286021687,-0.43822337845642434,-0.1901014501457443
1592,2017-05-13 16:00:00,1.3271066693925435,0.06145891109965471,-0.630896411544134,-0.4171990061967795,-0.21369740534735449
1593,2017-05-13 18:00:00,1.3750570000077469,0.0620362500003495,-0.6150878448905899,-0.41110832409345627,-0.2039795207971336
1594,2017-05-13 20:00:00,1.3801599999999998,0.06254304000000001,-0.6134054557500865,-0.4057619031658175,-0.20764355258426903
1595,2017-05-13 22:00:00,1.3648508333436844,0.0628106168398131,-0.6184526781235615,-0.40293908026656006,-0.21551359785700147
1596,2017-05-14 00:00:00,1.39953974,0.061038199999999994,-0.6070162211486212,-0.4216373310043627,-0.1853788901442585
1597,2017-05-14 02:00:00,1.4534892440646603,0.061404754822845214,-0.5892298092513606,-0.4177703320948773,-0.1714594771564833
1598,2017-05-14 04:00:00,1.4600754992650335,0.0639439802194615,-0.587058411202661,-0.3909825742270756,-0.1960758369755854
1599,2017-05-14 06:00:00,1.4769107600320024,0.0631147400013676,-0.5815080565221025,-0.3997307090740819,-0.18177734744802054
1600,2017-05-14 08:00:00,1.5771969991384698,0.06249619996586199,-0.5484450583110915,-0.4062560457869022,-0.14218901252418925
1601,2017-05-14 10:00:00,1.5574104000085571,0.06193460000034029,-0.5549684287900638,-0.4121806887567655,-0.1427877400332983
1602,2017-05-14 12:00:00,1.5561799999915,0.0624485879996589,-0.5553740748081542,-0.40675833196597005,-0.1486157428421841
1603,2017-05-14 14:00:00,1.577770383,0.06259486,-0.5482560215124548,-0.405215224003519,-0.14304079750893578
1604,2017-05-14 16:00:00,1.5612117048240994,0.06261884011577111,-0.5537151907044043,-0.40496224388770324,-0.1487529468167011
1605,2017-05-14 18:00:00,1.492944024,0.062855532,-0.5762221091916039,-0.40246524425448965,-0.17375686493711423
1606,2017-05-14 20:00:00,1.59182262,0.06850223999999999,-0.5436231916154391,-0.34289485445933887,-0.20072833715610028
1607,2017-05-14 22:00:00,1.72339706,0.06975319999999999,-0.5002449024992585,-0.3296977536320707,-0.17054714886718775
1608,2017-05-15 00:00:00,1.8099331599305208,0.0659559949974681,-0.4717151366741268,-0.36975666621138625,-0.10195847046274054
1609,2017-05-15 02:00:00,1.6191702305973463,0.0624003200230208,-0.534607059309435,-0.4072675387786748,-0.1273395205307602
1610,2017-05-15 04:00:00,1.4681427999423935,0.062439999997550004,-0.5843987327638268,-0.4068489317691099,-0.1775498009947169
1611,2017-05-15 06:00:00,1.579969663982143,0.061316639999307004,-0.5475309487225488,-0.41869990635033766,-0.12883104237221116
1612,2017-05-15 08:00:00,1.43281440000816,0.0589104450003355,-0.5960460219056939,-0.44408424958393067,-0.15196177232176322
1613,2017-05-15 10:00:00,1.5025700200084506,0.0626211600003522,-0.5730485502702376,-0.4049377700830058,-0.1681107801872318
1614,2017-05-15 12:00:00,1.8114397599897545,0.0606777599996568,-0.4712184312885527,-0.4254398211133268,-0.04577861017522589
1615,2017-05-15 14:00:00,1.6827801555822393,0.062316837828504015,-0.513635739069324,-0.4081482407502164,-0.10548749831910764
1616,2017-05-15 16:00:00,1.7676565335662509,0.0602469206517712,-0.4856531608168558,-0.42998499467155465,-0.05566816614530112
1617,2017-05-15 18:00:00,1.7940984969955194,0.0583319560510738,-0.4769356079666648,-0.45018706421498766,-0.026748543751677123
1618,2017-05-15 20:00:00,1.7739360921425071,0.0595484326982532,-0.48358287644062864,-0.4373537482281906,-0.04622912821243802
1619,2017-05-15 22:00:00,1.7303276399074037,0.05934950481411811,-0.49795998531499264,-0.4394523535747132,-0.05850763174027945
1620,2017-05-16 00:00:00,1.64296419,0.05788406,-0.5267625170853755,-0.45491217880390833,-0.07185033828146714
1621,2017-05-16 02:00:00,1.5034391998001206,0.056588299992476686,-0.5727619936084954,-0.468581900831173,-0.10418009277732243
1622,2017-05-16 04:00:00,1.7042400000098623,0.0566265600003277,-0.5065607225541887,-0.4681782738716684,-0.03838244868252033
1623,2017-05-16 06:00:00,1.6720644976522407,0.0557024512147164,-0.5171685445880675,-0.4779272321269897,-0.039241312461077815
1624,2017-05-16 08:00:00,1.6780422759469849,0.058689345963504995,-0.515197753033554,-0.4464167512481438,-0.06878100178541019
1625,2017-05-16 10:00:00,1.8128176000103,0.0622512000003537,-0.47076417632256484,-0.40884069217646707,-0.061923484146097774
1626,2017-05-16 12:00:00,1.7997080003345935,0.0704497500130977,-0.47508623161636043,-0.3223494445301926,-0.15273678708616784
1627,2017-05-16 14:00:00,1.982076988366965,0.0721075993987982,-0.41496167635552467,-0.30485983215288703,-0.11010184420263763
1628,2017-05-16 16:00:00,1.9241228027207429,0.0655404608943102,-0.43406837687011274,-0.37414037588758947,-0.059928000982523266
1629,2017-05-16 18:00:00,1.9936455588,0.0705101748,-0.4111476772770936,-0.32171198849225696,-0.08943568878483665
1630,2017-05-16 20:00:00,1.974851566698113,0.0706706680938411,-0.4173437988265592,-0.3200188518764409,-0.09732494695011829
1631,2017-05-16 22:00:00,1.8064425602426115,0.065850950008844,-0.47286593953865713,-0.370864846573885,-0.10200109296477211
1632,2017-05-17 00:00:00,1.84041343,0.07146213,-0.46166620948573717,-0.31166926230001885,-0.14999694718571832
1633,2017-05-17 02:00:00,2.31408182336227,0.0663684392989179,-0.305504233706358,-0.36540555264111596,0.059901318934757974
1634,2017-05-17 04:00:00,2.538751277995888,0.0685843477996962,-0.23143379450348753,-0.3420286517739644,0.11059485727047688
1635,2017-05-17 06:00:00,2.4193910502796503,0.06244068243173841,-0.27078522527414584,-0.4068417323760099,0.13605650710186407
1636,2017-05-17 08:00:00,2.8012000000596,0.07454200000158599,-0.1449080487442667,-0.2791779316852837,0.13426988294101702
1637,2017-05-17 10:00:00,2.66507296987194,0.06847687999670961,-0.18978726443393545,-0.34316239180697833,0.15337512737304287
1638,2017-05-17 12:00:00,2.3089457328000003,0.07033774672000001,-0.3071975323541579,-0.323531032072557,0.01633349971839909
1639,2017-05-17 14:00:00,2.497761839946941,0.0678444899985588,-0.2449474503046979,-0.3498338397891298,0.10488638948443191
1640,2017-05-17 16:00:00,2.2940432500122996,0.0722687500003875,-0.31211067663137304,-0.30315976121732635,-0.00895091541404669
1641,2017-05-17 18:00:00,1.98666984,0.06861384000000001,-0.41344747613544003,-0.34171752148920126,-0.07172995464623877
1642,2017-05-17 20:00:00,1.92275142885667,0.0687164963055051,-0.43452050003295595,-0.34063454072698224,-0.09388595930597371
1643,2017-05-17 22:00:00,2.0059642699357405,0.065180399997912,-0.4070863670926469,-0.37793886660969384,-0.02914750048295306
1644,2017-05-18 00:00:00,1.9393497729424276,0.06929126733404599,-0.4290482535343059,-0.3345709485927439,-0.09447730494156203
1645,2017-05-18 02:00:00,1.91546504,0.07092520000000001,-0.4369227225500159,-0.3173336475299103,-0.11958907502010563
1646,2017-05-18 04:00:00,2.1112249259061264,0.07315288333244939,-0.3723833718358004,-0.29383252715071406,-0.07855084468508633
1647,2017-05-18 06:00:00,2.0565180047283578,0.07047504577780829,-0.39041949377183416,-0.32208258487249886,-0.0683369088993353
1648,2017-05-18 08:00:00,2.2346014264597804,0.0685501790974128,-0.33170783096966383,-0.34238911718386633,0.010681286214202501
1649,2017-05-18 10:00:00,2.1738328599116,0.0707813577003777,-0.3517423942853263,-0.3188511231736892,-0.03289127111163709
1650,2017-05-18 12:00:00,2.1692772000115017,0.07576062000040171,-0.3532443329009226,-0.266322004241963,-0.0869223286589596
1651,2017-05-18 14:00:00,2.1094169912398875,0.07505872692710781,-0.37297942311031296,-0.27372668037726766,-0.0992527427330453
1652,2017-05-18 16:00:00,2.112313935391,0.0785780783965452,-0.37202434033785053,-0.23659900548058058,-0.13542533485726996
1653,2017-05-18 18:00:00,2.1828935551867983,0.0784215698394744,-0.34875520726601494,-0.23825010480269598,-0.11050510246331896
1654,2017-05-18 20:00:00,2.1226420800000003,0.07726693,-0.3686192926486266,-0.2504310685271352,-0.11818822412149138
1655,2017-05-18 22:00:00,2.0707729425640418,0.0804242119913874,-0.3857198361881159,-0.21712307404253325,-0.16859676214558264
1656,2017-05-19 00:00:00,2.0606907471611184,0.0810282474981375,-0.3890437977958099,-0.21075075399566431,-0.17829304380014557
1657,2017-05-19 02:00:00,2.060024039915659,0.0790588399967632,-0.38926360203475924,-0.23152717319820873,-0.1577364288365505
1658,2017-05-19 04:00:00,2.0911689998296397,0.0821148399933104,-0.3789955357168596,-0.19928766107746573,-0.1797078746393939
1659,2017-05-19 06:00:00,2.06085495,0.09560789279999997,-0.38898966237088467,-0.05694164013551992,-0.3320480222353647
1660,2017-05-19 08:00:00,2.0321153407211856,0.1028303615960118,-0.39846471755928203,0.019252362009046346,-0.4177170795683284
1661,2017-05-19 10:00:00,2.070075,0.128995245,-0.38594993828339735,0.2952808556588425,-0.6812307939422398
1662,2017-05-19 12:00:00,2.14287499530195,0.1184802497402433,-0.3619487778462746,0.18435208684028995,-0.5463008646865646
1663,2017-05-19 14:00:00,2.1112434868661283,0.1064462697504,-0.3723772525417397,0.05739866924157364,-0.42977592178331336
1664,2017-05-19 16:00:00,2.0784113380076485,0.12495028568575998,-0.3832015619249954,0.25260823949827516,-0.6358098014232705
1665,2017-05-19 18:00:00,2.0288619750912,0.1069362101708518,-0.3995373076071528,0.0625673342093236,-0.46210464181647637
1666,2017-05-19 20:00:00,2.089366000053,0.0982593350024925,-0.37958996002592366,-0.028970042255517393,-0.35061991777040624
1667,2017-05-19 22:00:00,2.0353335798344414,0.1019102699917104,-0.3974037082424283,0.009545783323645918,-0.40694949156607424
1668,2017-05-20 00:00:00,2.020698747899735,0.1036046270779452,-0.40222861170263235,0.02742053655671245,-0.4296491482593448
1669,2017-05-20 02:00:00,2.077811022397,0.10739002231546599,-0.3833994777521095,0.0673548610919676,-0.45075433884407706
1670,2017-05-20 04:00:00,2.089334499020917,0.1021424010010226,-0.37960034548435423,0.011994667648507339,-0.39159501313286155
1671,2017-05-20 06:00:00,2.0150896497070803,0.0996103499855203,-0.40407785448171635,-0.014717403521930348,-0.389360450959786
1672,2017-05-20 08:00:00,1.96642376389008,0.09750484088136001,-0.42012232987575854,-0.03692963727867285,-0.38319269259708566
1673,2017-05-20 10:00:00,1.9762440967699488,0.1132409421159552,-0.4168847007520466,0.12907959932445795,-0.5459643000765045
1674,2017-05-20 12:00:00,2.06718912,0.11237376,-0.38690137335691627,0.1199311934442823,-0.5068325668011986
1675,2017-05-20 14:00:00,2.2013379999446903,0.107937599997288,-0.3426743266839257,0.0731315748779934,-0.4158059015619191
1676,2017-05-20 16:00:00,2.2221945,0.109674,-0.335798224537104,0.09144986316239818,-0.4272480876995022
1677,2017-05-20 18:00:00,2.1544966118676,0.10874110258011,-0.35811729018512883,0.08160818851909489,-0.43972547870422374
1678,2017-05-20 20:00:00,2.19460192,0.10900652,-0.34489511989688165,0.08440823044817475,-0.4293033503450564
1679,2017-05-20 22:00:00,2.3212979131292037,0.11198725666113843,-0.3031251878354551,0.11585374609741908,-0.4189789339328742
1680,2017-05-21 00:00:00,2.20287447246321,0.10769194730131497,-0.34216777275804616,0.0705400424570956,-0.41270781521514177
1681,2017-05-21 02:00:00,2.13791886,0.109154745,-0.36358274771175075,0.08597194173400471,-0.4495546894457555
1682,2017-05-21 04:00:00,2.195554459957461,0.111792674997834,-0.3445810805312613,0.11380099154909935,-0.45838207208036064
1683,2017-05-21 06:00:00,2.1733,0.1156896,-0.3519180708932132,0.1549119081010971,-0.5068299789943103
1684,2017-05-21 08:00:00,2.180986886395824,0.10969460671221601,-0.34938380982790823,0.09166725529230901,-0.44105106512021724
1685,2017-05-21 10:00:00,2.185735947150643,0.1142639849680672,-0.34781810960183973,0.1398722702891075,-0.4876903798909472
1686,2017-05-21 12:00:00,2.26647094,0.11186797,-0.3212008892540868,0.11459532209154195,-0.43579621134562874
1687,2017-05-21 14:00:00,2.3847454800000003,0.11654916,-0.2822073948397971,0.16397990387001585,-0.446187298709813
1688,2017-05-21 16:00:00,2.2124752843116946,0.11438411683973401,-0.33900251670897136,0.14113961090987512,-0.48014212761884645
1689,2017-05-21 18:00:00,2.229517691767143,0.11242835748686399,-0.33338386860499164,0.12050717392252255,-0.4538910425275142
1690,2017-05-21 20:00:00,2.2163312000000004,0.121332,-0.33773127416722126,0.21443685031170176,-0.552168124478923
1691,2017-05-21 22:00:00,2.3435708999884617,0.1186916399994156,-0.29578208940796585,0.18658216499162894,-0.4823642543995948
1692,2017-05-22 00:00:00,2.31966725,0.122407025,-0.3036627951144197,0.225777911030537,-0.5294407061449566
1693,2017-05-22 02:00:00,2.2712236327689,0.1124776621072158,-0.319633991602767,0.12102731688955032,-0.4406613084923173
1694,2017-05-22 04:00:00,2.1932234400718755,0.1115632800036561,-0.34534958583162584,0.11138097103090824,-0.45673055686253405
1695,2017-05-22 06:00:00,2.243655085460022,0.1048676587048298,-0.32872296371374543,0.04074498796045409,-0.36946795167419955
1696,2017-05-22 08:00:00,2.091639651745373,0.09425471687870697,-0.37884036823240164,-0.07121707585715391,-0.3076232923752477
1697,2017-05-22 10:00:00,2.1372048129701566,0.09762804646694193,-0.3638181592286312,-0.03562987027140868,-0.3281882889572225
1698,2017-05-22 12:00:00,2.16713175,0.09562665,-0.3539516583577761,-0.05674375958007646,-0.29720789877769965
1699,2017-05-22 14:00:00,2.19936618,0.0979011,-0.3433244086880431,-0.03274927056637472,-0.31057513812166837
1700,2017-05-22 16:00:00,2.1770000000599996,0.1016005900028002,-0.35069823159667085,0.006278789944292979,-0.35697702154096383
1701,2017-05-22 18:00:00,2.1621646232570053,0.1036017996021877,-0.35558925195068314,0.02739070787901022,-0.38297995982969335
1702,2017-05-22 20:00:00,2.169651610782509,0.10052580193596512,-0.3531208948025126,-0.005059771229499255,-0.34806112357301333
1703,2017-05-22 22:00:00,2.1228130000609418,0.1009261000028974,-0.3685629426476745,-0.0008367953147891453,-0.36772614733288533
1704,2017-05-23 00:00:00,2.14507008,0.10050768,-0.3612250885137073,-0.005250950017083988,-0.35597413849662335
1705,2017-05-23 02:00:00,2.2136530805558396,0.1040012699631898,-0.338614213433666,0.03160495184496435,-0.37021916527863036
1706,2017-05-23 04:00:00,2.19071169,0.10365651,-0.346177675396783,0.02796787952017287,-0.3741455549169559
1707,2017-05-23 06:00:00,2.1453415202804367,0.10228050001337,-0.36113559837441767,0.013451554031840667,-0.37458715240625834
1708,2017-05-23 08:00:00,2.221067249884483,0.09904544999484867,-0.3361698634467368,-0.020676860366446916,-0.31549300308028994
1709,2017-05-23 10:00:00,2.236542,0.099498,-0.3310680504767439,-0.015902648523252173,-0.31516540195349174
1710,2017-05-23 12:00:00,2.2295763000102578,0.09346050000042999,-0.33336454627069617,-0.07959572922843636,-0.25376881704225984
1711,2017-05-23 14:00:00,2.4576977912,0.1024299632,-0.2581560179391834,0.015028327664827324,-0.2731843456040107
1712,2017-05-23 16:00:00,2.4067055,0.10203371,-0.2749674772953477,0.010848023391686936,-0.28581550068703465
1713,2017-05-23 18:00:00,2.4193493642782227,0.0991185128991078,-0.2707989685773438,-0.019906077516283274,-0.25089289106106055
1714,2017-05-23 20:00:00,2.3991347258919262,0.10100544999545,-0.2774634577311628,3.136674002693086e-07,-0.2774637713985631
1715,2017-05-23 22:00:00,2.3766253929814787,0.1045896560424369,-0.28488447621166524,0.03781217702657293,-0.32269665323823815
1716,2017-05-24 00:00:00,2.372513642278,0.1122167326,-0.28624006405067975,0.11827462054791159,-0.40451468459859136
1717,2017-05-24 02:00:00,2.389350042060996,0.1131615696090726,-0.28068933385215195,0.12824225282557494,-0.4089315866777269
1718,2017-05-24 04:00:00,2.403282519,0.1107012153,-0.276095987205458,0.1022865516939361,-0.3783825388993941
1719,2017-05-24 06:00:00,2.4256596,0.11221,-0.26871857036679087,0.11820359445512722,-0.3869221648219181
1720,2017-05-24 08:00:00,2.4215202891106475,0.1114905978004902,-0.2700832444212659,0.1106142044168451,-0.380697448838111
1721,2017-05-24 10:00:00,2.46103573,0.113033675,-0.25705554527657126,0.12689301859650673,-0.38394856387307796
1722,2017-05-24 12:00:00,2.40019945,0.1026476,-0.27711243278901604,0.01732430418951561,-0.2944367369785317
1723,2017-05-24 14:00:00,2.364172424969146,0.1058804249986182,-0.288990049047799,0.05142924556548092,-0.3404192946132799
1724,2017-05-24 16:00:00,2.4206961599897907,0.1128121799995242,-0.2703549484944399,0.12455633968270054,-0.39491128817714044
1725,2017-05-24 18:00:00,2.44528114545,0.10705761494999999,-0.2622496158233675,0.06384810346759802,-0.3260977192909655
1726,2017-05-24 20:00:00,2.4328830994789388,0.1070397801679248,-0.26633708161541947,0.06365995403254122,-0.3299970356479607
1727,2017-05-24 22:00:00,2.4198658801721966,0.1055221300075089,-0.2706286803680084,0.04764938439999632,-0.31827806476800474
1728,2017-05-25 00:00:00,2.3959246999903,0.102751999999584,-0.2785217592647371,0.018425680189449,-0.2969474394541861
1729,2017-05-25 02:00:00,2.3836776896148213,0.09083295520536,-0.28255943069146994,-0.10731521953084608,-0.17524421116062386
1730,2017-05-25 04:00:00,2.3075630179686,0.0955502020032924,-0.30765339447845585,-0.05755025372904433,-0.25010314074941153
1731,2017-05-25 06:00:00,2.1748925997,0.1028443892,-0.351393012605046,0.01940034731968551,-0.3707933599247315
1732,2017-05-25 08:00:00,2.199427859973744,0.1014498099987889,-0.3433040736462696,0.004688124442859713,-0.3479921980891293
1733,2017-05-25 10:00:00,2.116901366934401,0.0967602419970016,-0.3705119270470143,-0.04478484172385838,-0.3257270853231559
1734,2017-05-25 12:00:00,2.15261778,0.095148,-0.3587367152950017,-0.061793315370007304,-0.29694339992499436
1735,2017-05-25 14:00:00,2.070421958745107,0.0940027010126056,-0.3858355507415874,-0.07387573704137326,-0.3119598137002141
1736,2017-05-25 16:00:00,1.91547055,0.087796,-0.4369209059785524,-0.13935381713031605,-0.29756708884823635
1737,2017-05-25 18:00:00,1.8776626000081995,0.09116490000039808,-0.44938566878228864,-0.10381334182955716,-0.3455723269527315
1738,2017-05-25 20:00:00,2.132646149859752,0.09756329999358401,-0.36532108796149454,-0.036312918280229436,-0.3290081696812651
1739,2017-05-25 22:00:00,1.9177938,0.0884,-0.43615496230294815,-0.13298187166469758,-0.3031730906382506
1740,2017-05-26 00:00:00,1.922328374734099,0.08965919760159037,-0.4346599751775257,-0.1196978676120961,-0.3149621075654296
1741,2017-05-26 02:00:00,2.0365909981738675,0.0981250205987409,-0.3969891546538467,-0.030387002613054208,-0.3666021520407925
1742,2017-05-26 04:00:00,2.161002485677696,0.0946649517072707,-0.3559723927788565,-0.06688927129472778,-0.28908312148412874
1743,2017-05-26 06:00:00,2.177232086453152,0.09778202106041099,-0.35062171589451707,-0.03400550319744236,-0.31661621269707474
1744,2017-05-26 08:00:00,2.2523043980157555,0.09641007116342,-0.32587140393740277,-0.04847899645106387,-0.2773924074863389
1745,2017-05-26 10:00:00,2.1317500104250358,0.0962001278873756,-0.3656165328479598,-0.050693809540183384,-0.31492272330777643
1746,2017-05-26 12:00:00,2.0462972633909993,0.08724963779961621,-0.3937891320747875,-0.14511770809939017,-0.24867142397539732
1747,2017-05-26 14:00:00,2.0970597978692744,0.09745887766314,-0.3770534203600448,-0.03741452986132551,-0.3396388904987193
1748,2017-05-26 16:00:00,1.9195863709176,0.08583604965409951,-0.4355639762457405,-0.1600304673279946,-0.27553350891774586
1749,2017-05-26 18:00:00,1.863390763582954,0.0824030476167652,-0.4540908975993228,-0.19624719210490038,-0.2578437054944224
1750,2017-05-26 20:00:00,1.739179,0.079499,-0.4950418132356126,-0.2268836706538854,-0.2681581425817272
1751,2017-05-26 22:00:00,2.2714625870674405,0.0773064377662352,-0.3195552116463587,-0.2500142782425009,-0.06954093340385781
1752,2017-05-27 00:00:00,2.0919880199903016,0.0770911799996426,-0.37872551599782317,-0.25228515696730036,-0.1264403590305228
1753,2017-05-27 02:00:00,1.90494096,0.07287898,-0.44039236745157745,-0.29672209188120857,-0.14367027557036888
1754,2017-05-27 04:00:00,1.7071467,0.06558915,-0.5056024234153423,-0.3736267263408592,-0.13197569707448314
1755,2017-05-27 06:00:00,1.7236737000000002,0.06284537999999999,-0.5001536980837116,-0.4025723435762894,-0.09758135450742217
1756,2017-05-27 08:00:00,1.6118554379200003,0.05286335062,-0.5370186461767842,-0.5078785469629792,-0.029140099213805004
1757,2017-05-27 10:00:00,1.7997607999999998,0.06233046,-0.4750688242905057,-0.4080045325815149,-0.06706429170899075
1758,2017-05-27 12:00:00,1.857891636,0.090486324,-0.4559038845759738,-0.11097203267196437,-0.34493185190400943
1759,2017-05-27 14:00:00,1.945488077986752,0.1038160591735768,-0.4270245385111144,0.029651056065066676,-0.45667559457618107
1760,2017-05-27 16:00:00,2.02,0.0933038,-0.40245897930605157,-0.08124884819731425,-0.3212101311087373
1761,2017-05-27 18:00:00,2.0974077,0.09138392,-0.37693872179692905,-0.10150277313196912,-0.2754359486649599
1762,2017-05-27 20:00:00,1.6781599999999999,0.07921678,-0.515158941027152,-0.22986097272227418,-0.2852979683048778
1763,2017-05-27 22:00:00,1.7991428643217602,0.0848092103391402,-0.47527254921235135,-0.17086318937579875,-0.3044093598365526
1764,2017-05-28 00:00:00,1.8555215,0.08523969999999999,-0.4566852859230186,-0.16632170486832995,-0.2903635810546886
1765,2017-05-28 02:00:00,1.865204579384096,0.08625066443077901,-0.45349290739525716,-0.15565645615872084,-0.29783645123653635
1766,2017-05-28 04:00:00,1.8748825450907691,0.0772255396396198,-0.45030221477683857,-0.2508677193866467,-0.19943449539019187
1767,2017-05-28 06:00:00,1.96323453,0.08088336,-0.4211737765681633,-0.2122792560433167,-0.20889452052484658
1768,2017-05-28 08:00:00,2.0678422834528902,0.0873690018967977,-0.3866860343207053,-0.14385846717589154,-0.24282756714481377
1769,2017-05-28 10:00:00,2.029664,0.08353176,-0.3992728909896676,-0.18433975211758202,-0.2149331388720856
1770,2017-05-28 12:00:00,1.9583702316366,0.08746736929782001,-0.42277746905399055,-0.1428207325485591,-0.27995673650543146
1771,2017-05-28 14:00:00,1.73521928,0.08402224,-0.4963472786358767,-0.17916539481298513,-0.3171818838228916
1772,2017-05-28 16:00:00,1.8035729202326458,0.08956325783817021,-0.47381202051009547,-0.12070999168576765,-0.35310202882432784
1773,2017-05-28 18:00:00,1.835539000858152,0.0884103765001569,-0.46327324195033603,-0.13287240396085037,-0.33040083798948566
1774,2017-05-28 20:00:00,1.82157976,0.08745704,-0.46787541229426693,-0.1429297022876439,-0.32494571000662303
1775,2017-05-28 22:00:00,1.831909263008905,0.0870770430004233,-0.46446991675921667,-0.14693851049691772,-0.3175314062622989
1776,2017-05-29 00:00:00,1.7988756138320003,0.08642779653729203,-0.4753606580350926,-0.15378778708105353,-0.3215728709540391
1777,2017-05-29 02:00:00,1.788791747470459,0.0841244342033136,-0.47868517053493576,-0.1780872890341497,-0.30059788150078603
1778,2017-05-29 04:00:00,1.8826041108856,0.0808905875035954,-0.44775652038910047,-0.2122030089261603,-0.23555351146294015
1779,2017-05-29 06:00:00,1.89562828,0.08503246855999999,-0.44346263038020156,-0.16850790922998815,-0.2749547211502134
1780,2017-05-29 08:00:00,1.9013189997193287,0.090719999986608,-0.4415864781027212,-0.10850684948770824,-0.333079628615013
1781,2017-05-29 10:00:00,1.89851540646,0.08934091083999998,-0.44251078436590835,-0.12305565881620578,-0.31945512554970257
1782,2017-05-29 12:00:00,1.8541588,0.08912130000000001,-0.4571345494317869,-0.12537246063100452,-0.3317620888007824
1783,2017-05-29 14:00:00,1.9089675502145915,0.0897981000100944,-0.4390648558582852,-0.11823250573787301,-0.32083235012041217
1784,2017-05-29 16:00:00,1.9636531802259152,0.092526340010645,-0.42103575332794807,-0.08945072345206655,-0.3315850298758815
1785,2017-05-29 18:00:00,2.035893161625607,0.095523117156498,-0.39721922179717856,-0.05783598744877697,-0.33938323434840156
1786,2017-05-29 20:00:00,2.038303260009108,0.09294414000041527,-0.39642464540013705,-0.08504310962698024,-0.3113815357731568
1787,2017-05-29 22:00:00,1.9810032,0.09086219,-0.4153156896595661,-0.10700680476736164,-0.3083088848922045
1788,2017-05-30 00:00:00,1.9548544151658325,0.091218739197182,-0.42393658554613284,-0.10324536099210707,-0.32069122455402577
1789,2017-05-30 02:00:00,2.012394480892511,0.0917274378471191,-0.4049664146918551,-0.09787880460827769,-0.30708761008357743
1790,2017-05-30 04:00:00,2.017797337303011,0.0889574052275482,-0.4031851670009824,-0.12710148141273112,-0.27608368558825125
1791,2017-05-30 06:00:00,2.0804470531055634,0.09212576999139,-0.3825304145647974,-0.0936765683491768,-0.2888538462156206
1792,2017-05-30 08:00:00,2.0394299789718,0.1337108245229708,-0.3960531816043092,0.34502823241241337,-0.7410814140167226
1793,2017-05-30 10:00:00,2.117327651030605,0.10521846895182688,-0.3703713870244175,0.04444588822973477,-0.4148172752541523
1794,2017-05-30 12:00:00,2.0674962,0.10692045,-0.386800133290671,0.062401071048402305,-0.4492012043390733
1795,2017-05-30 14:00:00,1.9724623016240301,0.09548692891755,-0.418131506767089,-0.05821775811942826,-0.35991374864766074
1796,2017-05-30 16:00:00,2.083242290990557,0.0960977159995644,-0.381608862953985,-0.051774211798733004,-0.329834651155252
1797,2017-05-30 18:00:00,2.033787400149269,0.09951700000730401,-0.3979134624880779,-0.01570220645307419,-0.3822112560350037
1798,2017-05-30 20:00:00,1.9611435800360009,0.0965079100017716,-0.4218631341064954,-0.047446837937163464,-0.3744162961693319
1799,2017-05-30 22:00:00,1.9279901999909907,0.0955081999995537,-0.43279334900819716,-0.05799335716823245,-0.3747999918399647
1800,2017-05-31 00:00:00,1.8512814356536884,0.0921331432643585,-0.45808317701102563,-0.09359878342656355,-0.36448439358446205
1801,2017-05-31 02:00:00,1.79675622,0.08901690000000001,-0.47605939312676815,-0.1264738366353267,-0.34958555649144146
1802,2017-05-31 04:00:00,1.8919332453273296,0.093079466955,-0.4446808326566118,-0.08361546728485761,-0.36106536537175415
1803,2017-05-31 06:00:00,1.9034790493318567,0.09669372558834,-0.44087433935755516,-0.04548656180425664,-0.3953877775532985
1804,2017-05-31 08:00:00,1.8428418000000002,0.10048365,-0.4608656091872212,-0.005504456390492701,-0.4553611527967285
1805,2017-05-31 10:00:00,1.933784838605479,0.09765396426148198,-0.4308829360956052,-0.035356448461146495,-0.3955264876344587
1806,2017-05-31 12:00:00,1.9133950649574365,0.0974836244816874,-0.4376051649442955,-0.037153461354319545,-0.40045170358997595
1807,2017-05-31 14:00:00,1.9518048882,0.1009592442,-0.4249419727808531,-0.00048713800280314554,-0.42445483477804996
1808,2017-05-31 16:00:00,1.9973970599463549,0.0993906599973306,-0.4099108587784075,-0.017035040316776634,-0.3928758184616309
1809,2017-05-31 18:00:00,1.9568145990089387,0.098728410000451,-0.42329033980518854,-0.024021498702079192,-0.39926884110310934
1810,2017-05-31 20:00:00,1.9609369300090242,0.10124007000046588,-0.4219312637874278,0.0024754558480365486,-0.42440671963546434
1811,2017-05-31 22:00:00,1.9827046197021885,0.1022483799846418,-0.4147547549084891,0.01311270126460529,-0.4278674561730944
1812,2017-06-01 00:00:00,2.0192209,0.10453538,-0.40271583789538257,0.037239587651576964,-0.43995542554695954
1813,2017-06-01 02:00:00,2.0724299832363444,0.10793249912694604,-0.38517353259480086,0.07307776284546666,-0.45825129544026755
1814,2017-06-01 04:00:00,2.0913913492243967,0.11313589765104,-0.37892223016959237,0.12797142448686732,-0.5068936546564597
1815,2017-06-01 06:00:00,2.115627890089556,0.1142194022484367,-0.37093177490468665,0.13940194138481204,-0.5103337162894988
1816,2017-06-01 08:00:00,2.2321783479479995,0.112261138802414,-0.3325066867370548,0.11874308726996011,-0.45124977400701494
1817,2017-06-01 10:00:00,2.88965299875265,0.1157031099500555,-0.11574630767586261,0.15505443238089325,-0.27080074005675586
1818,2017-06-01 12:00:00,2.8354026360000004,0.11360442607999999,-0.13363190855808643,0.1329142019677033,-0.2665461105257897
1819,2017-06-01 14:00:00,2.4624,0.11172,-0.256605764160326,0.11303430094825133,-0.36964006510857733
1820,2017-06-01 16:00:00,2.6075201999307738,0.11166659999703543,-0.20876162369356782,0.11247095342051276,-0.3212325771140806
1821,2017-06-01 18:00:00,2.3208793795868656,0.10968606975838,-0.3032631726066946,0.09157719402693554,-0.39484036663363015
1822,2017-06-01 20:00:00,2.4378284005410102,0.109157525392881,-0.26470668365030486,0.08600127370720127,-0.35070795735750615
1823,2017-06-01 22:00:00,2.291379861434345,0.1098506906509026,-0.3129887593331748,0.09331387506941144,-0.4063026344025863
1824,2017-06-02 00:00:00,2.32143824,0.11297286,-0.30307892398989233,0.12625144597483184,-0.4293303699647242
1825,2017-06-02 02:00:00,2.28855704,0.117495385,-0.313919404862066,0.17396217886704354,-0.4878815837291095
1826,2017-06-02 04:00:00,2.3074206098661203,0.1122974424884,-0.3077003444775731,0.11912607585821122,-0.42682642033578433
1827,2017-06-02 06:00:00,2.2389824619674474,0.1147354899450401,-0.3302634636223292,0.1448464490971191,-0.47510991271944836
1828,2017-06-02 08:00:00,2.3216710689631044,0.11103403866092,-0.3030021634726052,0.10579769789503886,-0.40879986136764407
1829,2017-06-02 10:00:00,2.49641023810605,0.11660568849517497,-0.2453930549025524,0.16457625567218204,-0.4099693105747344
1830,2017-06-02 12:00:00,2.437309562989329,0.1158622469994927,-0.26487773727835884,0.1567332611897893,-0.42161099846814815
1831,2017-06-02 14:00:00,2.39638042,0.12310221,-0.2783715146249971,0.23311181981947066,-0.5114833344444678
1832,2017-06-02 16:00:00,2.4730365,0.122792648,-0.2530990559259284,0.2298460711733982,-0.4829451270993266
1833,2017-06-02 18:00:00,2.4244891799272863,0.12370199999629,-0.26910444181949517,0.23943935152010531,-0.5085437933396004
1834,2017-06-02 20:00:00,2.4871503787279288,0.130097316396586,-0.2484459035962601,0.30690724446391515,-0.5553531480601752
1835,2017-06-02 22:00:00,2.44238624,0.13053768,-0.2632040264640217,0.3115528949043077,-0.5747569213683295
1836,2017-06-03 00:00:00,2.4195966499191783,0.13340149999554402,-0.27071744189155544,0.34176498900191377,-0.6124824308934692
1837,2017-06-03 02:00:00,2.40564942343072,0.13341391201032002,-0.2753156512625031,0.34189593052719713,-0.6172115817897003
1838,2017-06-03 04:00:00,2.4246926,0.1298385,-0.26903737701020375,0.3041768405489252,-0.5732142175591289
1839,2017-06-03 06:00:00,2.4166029000100897,0.1316771000005498,-0.27170444019531403,0.32357329574195387,-0.5952777359372678
1840,2017-06-03 08:00:00,2.51337805,0.130327425,-0.23979899993256937,0.3093347932588217,-0.5491337931913911
1841,2017-06-03 10:00:00,2.5334864841000004,0.12997760919,-0.23316952487598935,0.3056443838807902,-0.5388139087567796
1842,2017-06-03 12:00:00,2.5220223589569795,0.13049945994603002,-0.2369490897741416,0.3111496894414109,-0.5480987792155525
1843,2017-06-03 14:00:00,2.45171079,0.12683925,-0.2601298501591232,0.2725360169764814,-0.5326658671356046
1844,2017-06-03 16:00:00,2.4767167547064,0.1259937691651632,-0.25188572640177914,0.26361655046686955,-0.5155022768686487
1845,2017-06-03 18:00:00,2.447733272684398,0.1262607967170664,-0.2614411830903581,0.26643357861015554,-0.5278747617005136
1846,2017-06-03 20:00:00,2.3778201452583465,0.124133080580892,-0.2844905827648211,0.24398707002403047,-0.5284776527888515
1847,2017-06-03 22:00:00,2.453606690774632,0.12556408538513042,-0.2595047976645994,0.2590835676625159,-0.5185883653271153
1848,2017-06-04 00:00:00,2.4179809632962828,0.1284234612274491,-0.271250111621703,0.2892487778164254,-0.5604988894381284
1849,2017-06-04 02:00:00,2.380910977862483,0.1267607905848004,-0.28347157762741026,0.2717083032100639,-0.5551798808374742
1850,2017-06-04 04:00:00,2.3566961819430845,0.1282918762774935,-0.29145486388179964,0.2878606120462048,-0.5793154759280044
1851,2017-06-04 06:00:00,2.3946798863387366,0.124013309606004,-0.2789321572605278,0.2427235367121923,-0.52165569397272
1852,2017-06-04 08:00:00,2.376496103295906,0.12693847493708998,-0.2849271012485684,0.27358279824794973,-0.5585098994965181
1853,2017-06-04 10:00:00,2.43988826552505,0.1314683814523116,-0.264027574403722,0.32137140301507167,-0.5853989774187937
1854,2017-06-04 12:00:00,2.4295086154093655,0.1352923650652125,-0.26744960275241153,0.36171281864888455,-0.6291624214012961
1855,2017-06-04 14:00:00,2.3943284463609005,0.1311427723570965,-0.2790480222033355,0.31793636427695926,-0.5969843864802948
1856,2017-06-04 16:00:00,2.4221154716,0.13381374699999998,-0.26988702091387323,0.3461140211720429,-0.6160010420859161
1857,2017-06-04 18:00:00,2.4352186188091145,0.1354345658333514,-0.26556709290985636,0.3632129768272787,-0.6287800697371351
1858,2017-06-04 20:00:00,2.474875370614614,0.12882236632162442,-0.25249280549333697,0.2934570584555685,-0.5459498639489055
1859,2017-06-04 22:00:00,2.517028254,0.12914460000000005,-0.23859557771435558,0.29685648796847447,-0.5354520656828301
1860,2017-06-05 00:00:00,2.5650300406137205,0.13254007915238092,-0.22277004672350975,0.3326773621218107,-0.5554474088453205
1861,2017-06-05 02:00:00,2.6267006029179,0.1357897631652538,-0.2024381077725392,0.3669601589935291,-0.5693982667660683
1862,2017-06-05 04:00:00,2.505382628654841,0.1351051891437635,-0.24243498074096945,0.35973819155625214,-0.6021731722972216
1863,2017-06-05 06:00:00,2.571308985153694,0.13588942500812248,-0.2206999647866273,0.3680115494368442,-0.5887115142234716
1864,2017-06-05 08:00:00,2.5868371393345284,0.13482993467826002,-0.21558054522841466,0.35683437294142417,-0.5724149181698388
1865,2017-06-05 10:00:00,2.5878851203530964,0.136166063676074,-0.21523504025334725,0.37092997080417606,-0.5861650110575233
1866,2017-06-05 12:00:00,2.59331322,0.14555781,-0.21344547021349122,0.47000893670314725,-0.6834544069166385
1867,2017-06-05 14:00:00,2.69873454,0.14143029999999998,-0.17868950622862162,0.4264654455958711,-0.6051549518244927
1868,2017-06-05 16:00:00,2.702830558194256,0.1441796759836904,-0.17733910518222087,0.45547020359679197,-0.6328093087790129
1869,2017-06-05 18:00:00,2.9214526369823934,0.1429227655981068,-0.10526240289223006,0.44221032870919585,-0.547472731601426
1870,2017-06-05 20:00:00,2.801429725,0.14060267499999998,-0.14483231158071216,0.417734350619079,-0.5625666621997911
1871,2017-06-05 22:00:00,3.0189853695901347,0.1417031201261045,-0.07310719802607407,0.42934358295590613,-0.5024507809819803
1872,2017-06-06 00:00:00,2.7095877992925463,0.1352953690605237,-0.17511133542702095,0.36174450953349035,-0.5368558449605113
1873,2017-06-06 02:00:00,2.7304199999901004,0.139278999999495,-0.16824324444533179,0.40377013717964166,-0.5720133816249735
1874,2017-06-06 04:00:00,2.7778027219899184,0.1434362325994794,-0.1526218105709431,0.44762718919121725,-0.6002489997621603
1875,2017-06-06 06:00:00,2.78014674,0.1385895,-0.15184901996712322,0.3964962027502939,-0.5483452227174171
1876,2017-06-06 08:00:00,2.8638645360405697,0.1441165440020416,-0.12424841029842712,0.45480418779513226,-0.5790525980935594
1877,2017-06-06 10:00:00,2.819815403,0.144886462,-0.13877080559306743,0.46292649821895504,-0.6016973038120225
1878,2017-06-06 12:00:00,2.9149458000000004,0.14568983,-0.10740761784320461,0.47140169206799964,-0.5788093099112043
1879,2017-06-06 14:00:00,2.7899721000000004,0.1416204,-0.14860973347082068,0.4284709204849675,-0.5770806539557882
1880,2017-06-06 16:00:00,2.78742046,0.14205778,-0.14945097419843034,0.43308509516667626,-0.5825360693651066
1881,2017-06-06 18:00:00,2.908109182,0.18753840600000002,-0.10966155707472178,0.9128865332696343,-1.022548090344356
1882,2017-06-06 20:00:00,2.8993571400204248,0.2054868200014476,-0.11254698533378915,1.102234737262293,-1.214781722596082
1883,2017-06-06 22:00:00,2.96302752,0.17653738,-0.0915557339107081,0.796830344961935,-0.8883860788726432
1884,2017-06-07 00:00:00,2.9583927600314945,0.1794502400019104,-0.09308375073447664,0.8275597904605347,-0.9206435411950114
1885,2017-06-07 02:00:00,2.995150495013834,0.1785851309132184,-0.08096522942197949,0.8184332541443821,-0.8993984835663615
1886,2017-06-07 04:00:00,2.9397422115469576,0.1725897651078105,-0.09923258088976812,0.755184671431646,-0.8544172523214142
1887,2017-06-07 06:00:00,2.956270872752365,0.17963524236477102,-0.09378330788148807,0.8295114874260289,-0.9232947953075169
1888,2017-06-07 08:00:00,3.06756648,0.19287449999999998,-0.05709067192157967,0.9691800762620404,-1.02627074818362
1889,2017-06-07 10:00:00,3.032428,0.20174,-0.06867534706473923,1.0627073652114445,-1.1313827122761837
1890,2017-06-07 12:00:00,2.9605958001023547,0.185700453411438,-0.0923574386245539,0.8934969080002481,-0.985854346624802
1891,2017-06-07 14:00:00,2.9321875,0.179575,-0.10172326571938455,0.8288759558647031,-0.9305992215840876
1892,2017-06-07 16:00:00,2.8728901239051154,0.1779808875973362,-0.12127279771112097,0.8120587417987434,-0.9333315395098644
1893,2017-06-07 18:00:00,2.8283339784617016,0.18068577817096165,-0.1359623480443544,0.8405941974702775,-0.9765565455146319
1894,2017-06-07 20:00:00,2.70810648,0.16542198,-0.1755997060903918,0.6795675591531026,-0.8551672652434944
1895,2017-06-07 22:00:00,2.732673675692324,0.1573016861964912,-0.16750023846191156,0.5939018815359552,-0.7614021199978668
1896,2017-06-08 00:00:00,2.7242021586000003,0.15507741699999994,-0.17029318151136313,0.5704367788523506,-0.7407299603637136
1897,2017-06-08 02:00:00,2.6968394699899783,0.1610832599994014,-0.17931428483144232,0.6337958915464766,-0.8131101763779189
1898,2017-06-08 04:00:00,2.825190029778045,0.1706381164516053,-0.13699886482501555,0.7345956005618,-0.8715944653868155
1899,2017-06-08 06:00:00,2.7901895010000004,0.17783871399999998,-0.1485380593414674,0.8105588702608671,-0.9590969296023346
1900,2017-06-08 08:00:00,2.8453674959382016,0.1747068239962056,-0.1303466308445614,0.7775187505448188,-0.9078653813893802
1901,2017-06-08 10:00:00,2.7866055991226366,0.16851006000741597,-0.14971962265878275,0.7121455018695283,-0.8618651245283111
1902,2017-06-08 12:00:00,2.7695468367839995,0.16912321972,-0.15534366274354097,0.7186140784428721,-0.873957741186413
1903,2017-06-08 14:00:00,2.7880206000000003,0.167028,-0.14925311626773954,0.6965103933529248,-0.8457635096206643
1904,2017-06-08 16:00:00,2.9218376850215586,0.16786126500123855,-0.1051354578323345,0.7053009879660049,-0.8104364457983394
1905,2017-06-08 18:00:00,2.8010152249897606,0.17116023499937433,-0.14496896655171437,0.7401037312124162,-0.8850726977641306
1906,2017-06-08 20:00:00,2.7922368,0.17788199999999998,-0.14786309292755564,0.8110155193195174,-0.958878612247073
1907,2017-06-08 22:00:00,2.90099764,0.1762016,-0.11200613498011028,0.7932880074645092,-0.9052941424446195
1908,2017-06-09 00:00:00,2.9242434158496,0.1775915520625584,-0.10434232135845341,0.8079514159784923,-0.9122937373369457
1909,2017-06-09 02:00:00,2.8837549377000005,0.1747907525,-0.11769081754849979,0.778404160891158,-0.8960949784396578
1910,2017-06-09 04:00:00,2.977119600010686,0.1793626800006438,-0.08690976831927637,0.8266360693462296,-0.9135458376655059
1911,2017-06-09 06:00:00,2.962925239777304,0.17599405998677212,-0.09158945429797302,0.791098547785334,-0.882688002083307
1912,2017-06-09 08:00:00,3.15284243,0.18202682,-0.028976360253166102,0.8547416236321078,-0.8837179838852739
1913,2017-06-09 10:00:00,3.11541762,0.1805661,-0.041314807054065546,0.8393316432007534,-0.8806464502548189
1914,2017-06-09 12:00:00,3.1962910055000004,0.18358442250000004,-0.0146519605466181,0.8711736736107686,-0.8858256341573867
1915,2017-06-09 14:00:00,3.2404683998973094,0.19879999999370002,-8.727924099361778e-05,1.0316916041037272,-1.0317788833447208
1916,2017-06-09 16:00:00,3.3560337600000003,0.18577008,0.03801303570125553,0.8942314391679204,-0.8562184034666648
1917,2017-06-09 18:00:00,3.1853991418845844,0.1862011616916033,-0.018242858664242825,0.8987791693502428,-0.9170220280144856
1918,2017-06-09 20:00:00,3.208735254988656,0.1893115049993307,-0.01054926208821859,0.9315919805028754,-0.942141242591094
1919,2017-06-09 22:00:00,3.2479767925163836,0.1890729363334518,0.002388134873085063,0.9290751816141574,-0.9266870467410723
1920,2017-06-10 00:00:00,3.2662504966573165,0.1860409680750486,0.008412724614443153,0.8970891942035099,-0.8886764695890667
1921,2017-06-10 02:00:00,3.3905912204704416,0.1891788760196597,0.04940615667070666,0.9301928006591266,-0.8807866439884199
1922,2017-06-10 04:00:00,3.6601095220666418,0.1917797883571485,0.13826264588504011,0.9576313297573599,-0.8193686838723198
1923,2017-06-10 06:00:00,3.7245806653864295,0.1964237786350372,0.15951789800373792,1.0066234701440633,-0.8471055721403253
1924,2017-06-10 08:00:00,4.027417882262935,0.19949231107394502,0.2593591768175303,1.0389951942503572,-0.779636017432827
1925,2017-06-10 10:00:00,4.126134239841743,0.1965153599924628,0.29190460661035184,1.0075896148711878,-0.7156850082608359
1926,2017-06-10 12:00:00,3.7383765636126,0.20151100435829997,0.16406621652116593,1.060291557693602,-0.8962253411724361
1927,2017-06-10 14:00:00,3.5157591618205184,0.20029060007952296,0.09067231100859162,1.0474168068486112,-0.9567444958400195
1928,2017-06-10 16:00:00,3.5849764733911287,0.19424827678314374,0.11349230973444364,0.9836728423946973,-0.8701805326602536
1929,2017-06-10 18:00:00,3.6486448795386868,0.20524104900217616,0.13448291041216792,1.0996419567914515,-0.9651590463792836
1930,2017-06-10 20:00:00,3.636178253793748,0.206582080025138,0.1303728348088275,1.1137892689537285,-0.983416434144901
1931,2017-06-10 22:00:00,3.4065483147564306,0.1995548810148194,0.054666991901255894,1.0396552807586994,-0.9849882888574435
1932,2017-06-11 00:00:00,3.700412273838808,0.208983076656112,0.1515499106345667,1.1391187715956155,-0.9875688609610488
1933,2017-06-11 02:00:00,3.5409829923223364,0.21926377579350304,0.09898826213196632,1.2475758150590028,-1.1485875529270366
1934,2017-06-11 04:00:00,3.5234633628258245,0.2155298777074772,0.09321228046327704,1.208184763770371,-1.114972483307094
1935,2017-06-11 06:00:00,3.4717838496495004,0.213048979651662,0.07617425344263336,1.1820123347680314,-1.105838081325398
1936,2017-06-11 08:00:00,3.4450476070853453,0.21969896677825496,0.06735968079593803,1.2521668965523274,-1.1848072157563894
1937,2017-06-11 10:00:00,3.606767543239557,0.2246474600426936,0.12067652673005473,1.3043714151251469,-1.1836948883950922
1938,2017-06-11 12:00:00,3.70601875,0.27085375,0.15339828896582283,1.7918283021723451,-1.6384300132065224
1939,2017-06-11 14:00:00,3.600512,0.23569664,0.11861415988111154,1.4209356073896506,-1.3023214475085392
1940,2017-06-11 16:00:00,3.7436405627195097,0.23903353591823998,0.16580168486263752,1.4561384531106274,-1.2903367682479898
1941,2017-06-11 18:00:00,3.6940471253759837,0.2475270140609523,0.14945140844608834,1.5457410682410653,-1.396289659794977
1942,2017-06-11 20:00:00,3.724932847071359,0.2485263323550512,0.15963400747720635,1.5562834551165508,-1.3966494476393443
1943,2017-06-11 22:00:00,3.700481661,0.235408565,0.15157278663038418,1.417896537538644,-1.2663237509082599
1944,2017-06-12 00:00:00,3.6317128,0.23330720000000002,0.12890063590986087,1.3957280223344073,-1.2668273864245465
1945,2017-06-12 02:00:00,3.54950997899186,0.2185874703715534,0.10179949274058922,1.240441077862372,-1.1386415851217828
1946,2017-06-12 04:00:00,3.5552308831231274,0.211111679778272,0.10368559640488807,1.1615746375101001,-1.057889041105212
1947,2017-06-12 06:00:00,3.4377529900000003,0.2150815,0.06495474554468463,1.2034545679093718,-1.1384998223646872
1948,2017-06-12 08:00:00,3.3778458,0.20051955,0.04520416626836018,1.0498321320268187,-1.0046279657584585
1949,2017-06-12 10:00:00,3.12466875,0.18099375,-0.038264836316653526,0.8438431704828258,-0.8821080067994793
1950,2017-06-12 12:00:00,3.17772,0.1872682,-0.020774566470361397,0.910035973838371,-0.9308105403087323
1951,2017-06-12 14:00:00,3.09818648,0.18400952,-0.04699567769065269,0.8756582730935013,-0.922653950784154
1952,2017-06-12 16:00:00,2.87031235,0.16703820000000005,-0.1221226544289778,0.696617999054497,-0.8187406534834747
1953,2017-06-12 18:00:00,2.840769343642369,0.164030736266775,-0.13186257862050368,0.6648905240579155,-0.7967531026784191
1954,2017-06-12 20:00:00,2.9763479999999998,0.18842533,-0.08716415426494788,0.9222432077069654,-1.0094073619719133
1955,2017-06-12 22:00:00,2.98498920587586,0.1846785311438958,-0.08431526714982501,0.8827160587305789,-0.967031325880404
1956,2017-06-13 00:00:00,3.02087844909847,0.181228133639652,-0.07248307566437152,0.846315819108481,-0.9187988947728525
1957,2017-06-13 02:00:00,2.961681275748776,0.18004449802484998,-0.09199957218469651,0.8338289621735765,-0.9258285343582731
1958,2017-06-13 04:00:00,3.0733710000236054,0.1803530400013852,-0.05517700124386585,0.8370839500019481,-0.892260951245814
1959,2017-06-13 06:00:00,3.1094876770868134,0.1890207799538489,-0.043269827939054,0.9285249537888034,-0.9717947817278574
1960,2017-06-13 08:00:00,3.09163395,0.183617625,-0.04915595700312742,0.871523945993752,-0.9206799029968795
1961,2017-06-13 10:00:00,3.175842289648,0.187886590721445,-0.021393621831915607,0.916559735350775,-0.9379533571826906
1962,2017-06-13 12:00:00,3.247263779331141,0.1988044713217904,0.0021530642005965885,1.0317387747307982,-1.0295857105302015
1963,2017-06-13 14:00:00,3.269466,0.1973016,0.009472831985243822,1.0158841156177347,-1.006411283632491
1964,2017-06-13 16:00:00,3.4093308274000003,0.198758015,0.05558434817442105,1.031248680113279,-0.9756643319388579
1965,2017-06-13 18:00:00,3.34303999876,0.19831775992644,0.033729170751685154,1.0266041746171097,-0.9928750038654246
1966,2017-06-13 20:00:00,3.3536929431362714,0.2012660286381416,0.03724130047150374,1.0577071670822615,-1.0204658666107578
1967,2017-06-13 22:00:00,3.5130526475480077,0.1993661794161744,0.0897800103565042,1.0376645584145916,-0.9478845480580874
1968,2017-06-14 00:00:00,3.5218339516003185,0.2047382586431444,0.09267508591979923,1.094337730386834,-1.001662644467035
1969,2017-06-14 02:00:00,3.5957900000133374,0.2022808800007503,0.11705738121932845,1.068413421284664,-0.9513560400653357
1970,2017-06-14 04:00:00,3.651906775680936,0.20325110329929005,0.13555831285298725,1.0786488682180542,-0.9430905553650669
1971,2017-06-14 06:00:00,3.6235584,0.197521016,0.12621224201839545,1.018198861952642,-0.8919866199342467
1972,2017-06-14 08:00:00,3.8037734001429984,0.20067040000754396,0.1856266570010892,1.0514235360360211,-0.865796879034932
1973,2017-06-14 10:00:00,3.605946182986578,0.19732387334468185,0.12040573551466174,1.016119090017817,-0.8957133545031553
1974,2017-06-14 12:00:00,3.269227,0.17886661,0.00939403696169083,0.8214027398905484,-0.8120087029288575
1975,2017-06-14 14:00:00,3.3526822999999997,0.1829037,0.036908105284364966,0.8639923381021268,-0.8270842328177619
1976,2017-06-14 16:00:00,3.3503574000000005,0.1656135,0.03614161762638084,0.6815880144437901,-0.6454463968174093
1977,2017-06-14 18:00:00,3.53838951422648,0.16925768664785001,0.09813322795771078,0.7200326478653714,-0.6218994199076606
1978,2017-06-14 20:00:00,3.45071599992796,0.166596199996522,0.06922847220824453,0.6919550852830312,-0.6227266130747866
1979,2017-06-14 22:00:00,3.502743898459412,0.162778444407678,0.08638135710446472,0.6516793726784387,-0.565298015573974
1980,2017-06-15 00:00:00,3.4675072478998588,0.16315305116537698,0.07476431647363908,0.6556313161074289,-0.5808669996337897
1981,2017-06-15 02:00:00,3.4444929267518996,0.1608151392259456,0.06717681029410447,0.63096733037651,-0.5637905200824055
1982,2017-06-15 04:00:00,3.1178806796856406,0.14448319574780005,-0.0405027700417543,0.4586722092005075,-0.4991749792422618
1983,2017-06-15 06:00:00,3.1819,0.163278,-0.019396477773912086,0.6569494736574462,-0.6763459514313582
1984,2017-06-15 08:00:00,3.0191228478779224,0.15314178227230998,-0.07306187331927805,0.5500166481798381,-0.6230785214991161
1985,2017-06-15 10:00:00,2.913785137080112,0.14730525000404998,-0.10779027249638305,0.4884436923492506,-0.5962339648456336
1986,2017-06-15 12:00:00,2.737442368093353,0.13204719864064413,-0.1659280659512175,0.3274776804300012,-0.4934057463812187
1987,2017-06-15 14:00:00,2.9283018298919945,0.14144048999478318,-0.10300431788540677,0.42657294574662186,-0.5295772636320286
1988,2017-06-15 16:00:00,2.92508919,0.14655818999999998,-0.10406348121577028,0.48056252412847034,-0.5846260053442406
1989,2017-06-15 18:00:00,3.0824999525867907,0.15386754209630438,-0.052167310732443205,0.5576731084772372,-0.6098404192096804
1990,2017-06-15 20:00:00,3.2092096468335543,0.15776709984027726,-0.010392861600385538,0.5988117993458218,-0.6092046609462074
1991,2017-06-15 22:00:00,3.2003818015062357,0.1614876997250685,-0.013303281184017034,0.6380625602154838,-0.6513658413995008
1992,2017-06-16 00:00:00,3.040891663371628,0.151248538230526,-0.06588499327933443,0.5300437213795822,-0.5959287146589166
1993,2017-06-16 02:00:00,3.2081310467966477,0.1581109433216148,-0.010748461246043572,0.6024392031732907,-0.6131876644193343
1994,2017-06-16 04:00:00,3.2369619674761827,0.16040271905295206,-0.001243301940615089,0.6266164713512853,-0.6278597732919003
1995,2017-06-16 06:00:00,3.1638078,0.1586004,-0.02536122808824198,0.6076027648660941,-0.632963992954336
1996,2017-06-16 08:00:00,3.3434413381491974,0.16315537187782198,0.03386148684634846,0.6556557986457415,-0.621794311799393
1997,2017-06-16 10:00:00,3.26618325,0.1592591,0.00839055431340925,0.6145517722803371,-0.6061612179669278
1998,2017-06-16 12:00:00,3.3087914595642616,0.17029022829393198,0.022437896891506878,0.7309255271034741,-0.7084876302119673
1999,2017-06-16 14:00:00,3.5904587980774125,0.17590737199799272,0.11529975702641308,0.7901840260352901,-0.6748842690088771
2000,2017-06-16 16:00:00,3.58595145,0.17532,0.11381374615645035,0.7839874989835668,-0.6701737528271164
2001,2017-06-16 18:00:00,3.5997027721863946,0.17542411170498998,0.11834736856465647,0.7850858335970248,-0.6667384650323683
2002,2017-06-16 20:00:00,3.5366515,0.18066191490000005,0.09756022849364857,0.8403424500179619,-0.7427822215243134
2003,2017-06-16 22:00:00,3.479493250014289,0.1779011000007306,0.07871593705486223,0.8112170162782073,-0.7325010792233451
2004,2017-06-17 00:00:00,3.3314715720000003,0.181253592,0.029915219040284113,0.8465843940816289,-0.8166691750413447
2005,2017-06-17 02:00:00,3.4232276719936348,0.1834028231970345,0.06016594732532993,0.8692578774930687,-0.8090919301677388
2006,2017-06-17 04:00:00,3.5198110170000003,0.18636643600000002,0.09200815211445125,0.9005227436548316,-0.8085145915403804
2007,2017-06-17 06:00:00,3.7359108825366767,0.18345870498076,0.1632533152724151,0.8698474067619767,-0.7065940914895616
2008,2017-06-17 08:00:00,3.783827561542322,0.18515555198451453,0.17905078745161732,0.8877484275755889,-0.7086976401239716
2009,2017-06-17 10:00:00,3.768140973962779,0.1916322274634363,0.1738791345738114,0.9560746245130021,-0.7821954899391906
2010,2017-06-17 12:00:00,3.846533897310679,0.185815595542068,0.19972420671432592,0.8947116089558266,-0.6949874022415007
2011,2017-06-17 14:00:00,3.9331444427347497,0.1897194132508644,0.22827851619810896,0.935895240658088,-0.7076167244599791
2012,2017-06-17 16:00:00,4.12756212,0.1841862,0.29237535912374374,0.8775221726379804,-0.5851468135142366
2013,2017-06-17 18:00:00,4.234365205335018,0.19037072355708468,0.32758687219697064,0.9427662899170796,-0.6151794177201089
2014,2017-06-17 20:00:00,4.331135,0.18674912,0.3594905468825025,0.9045598985862299,-0.5450693517037274
2015,2017-06-17 22:00:00,4.450740045794484,0.1837256981173884,0.39892269081735177,0.8726640718386166,-0.47374138102126484
2016,2017-06-18 00:00:00,4.646120400000001,0.1860797322,0.46333691513287,0.897498139385981,-0.434161224253111
2017,2017-06-18 02:00:00,4.829740259602152,0.18640835264221806,0.5238738656020845,0.9009649465659495,-0.377091080963865
2018,2017-06-18 04:00:00,4.835186096814,0.1833406594423,0.5256692834739385,0.8686020760773298,-0.34293279260339127
2019,2017-06-18 06:00:00,4.375799999982,0.1676417599993104,0.37421598506482284,0.7029853026982623,-0.3287693176334395
2020,2017-06-18 08:00:00,4.3109995488676205,0.17297577208413,0.3528521646807232,0.7592568823628649,-0.4064047176821417
2021,2017-06-18 10:00:00,4.6398195168596015,0.1811580360532972,0.46125960034018293,0.8455763191125797,-0.38431671877239676
2022,2017-06-18 12:00:00,4.487086881492516,0.17682580307009038,0.4109057442688241,0.7998730868057136,-0.38896734253688947
2023,2017-06-18 14:00:00,4.62974141,0.17844985000000002,0.4579369866691725,0.8170060975192718,-0.3590691108500993
2024,2017-06-18 16:00:00,4.64583689598163,0.17476771999930898,0.4632434477445651,0.7781611777150984,-0.3149177299705333
2025,2017-06-18 18:00:00,4.399745525150523,0.1786955495031239,0.3821104964440769,0.819598123735886,-0.4374876272918091
2026,2017-06-18 20:00:00,4.291919723606807,0.18079601150550198,0.3465618078572417,0.841757112695748,-0.4951953048385063
2027,2017-06-18 22:00:00,4.320426973,0.17914652399999997,0.35596025717676744,0.8243557146307188,-0.46839545745395134
2028,2017-06-19 00:00:00,4.176125038028284,0.17905754645999705,0.30838588744942985,0.8234170390801169,-0.515031151630687
2029,2017-06-19 02:00:00,4.343063443644536,0.184732384882136,0.3634231912252697,0.8832841929742649,-0.5198610017489951
2030,2017-06-19 04:00:00,4.4289414866530254,0.1862846059701517,0.3917360047044991,0.8996594713242961,-0.507923466619797
2031,2017-06-19 06:00:00,4.464164401171279,0.1852324881408072,0.4033485167508153,0.8885600716024618,-0.48521155485164646
2032,2017-06-19 08:00:00,4.429649661485506,0.1840784061230445,0.39196948023841083,0.8763849926620068,-0.48441551242359593
2033,2017-06-19 10:00:00,4.55317344,0.18339296,0.4326935766292053,0.8691538249208494,-0.43646024829164404
2034,2017-06-19 12:00:00,4.8232800000000005,0.19152760000000002,0.521744006574847,0.9549708488652835,-0.4332268422904365
2035,2017-06-19 14:00:00,4.861933322357294,0.20233576006101706,0.5344874770582906,1.068992382793223,-0.5345049057349325
2036,2017-06-19 16:00:00,4.94378451,0.20330793,0.5614726915275148,1.0792483659629464,-0.5177756744354316
2037,2017-06-19 18:00:00,4.8719807533298605,0.20348732994827806,0.5377999773098808,1.0811409598155333,-0.5433409825056524
2038,2017-06-19 20:00:00,5.11709250662,0.19785238176846232,0.6186099621366726,1.0216946311675672,-0.40308466903089457
2039,2017-06-19 22:00:00,5.551846443726128,0.20284668839076775,0.7619423751660382,1.0743824613594661,-0.3124400861934279
2040,2017-06-20 00:00:00,5.5577233937312105,0.20473365951088,0.7638799250157036,1.0942892114795855,-0.3304092864638819
2041,2017-06-20 02:00:00,5.712602123429838,0.20285739243848933,0.8149413189674003,1.0744953845520875,-0.2595540655846872
2042,2017-06-20 04:00:00,6.234694022,0.20681085800000004,0.9870678605767903,1.1162027801781582,-0.12913491960136791
2043,2017-06-20 06:00:00,7.019649,0.202269886,1.2458567558885947,1.0682974392097802,0.17755931667881453
2044,2017-06-20 08:00:00,6.656869998692406,0.20128681087861808,1.1262534924888026,1.05792641096135,0.0683270815274526
2045,2017-06-20 10:00:00,6.813997072273747,0.2108656624883362,1.1780561345961207,1.1589792587765402,0.019076875819580508
2046,2017-06-20 12:00:00,6.938664058404,0.211060027304,1.2191571308656168,1.1610297256736342,0.05812740519198267
2047,2017-06-20 14:00:00,6.162384695022327,0.212975276533442,0.9632284667596177,1.1812347979303761,-0.2180063311707584
2048,2017-06-20 16:00:00,6.821841836266573,0.2120104618262598,1.180642445740816,1.171056409356549,0.009586036384267027
2049,2017-06-20 18:00:00,6.27384385,0.208407,0.9999750221640467,1.1330414056407128,-0.1330663834766661
2050,2017-06-20 20:00:00,6.255004049999998,0.20639655,0.9937637983785522,1.1118320053735729,-0.11806820699502063
2051,2017-06-20 22:00:00,6.145791366933595,0.1984458402238838,0.9577578739664226,1.0279553677802424,-0.07019749381381979
2052,2017-06-21 00:00:00,6.189957301586902,0.2048681176148635,0.9723187771515511,1.0957076878140117,-0.1233889106624606
2053,2017-06-21 02:00:00,6.22514442,0.208164,0.9839194877127261,1.1304778580444454,-0.14655837033171937
2054,2017-06-21 04:00:00,5.771405720064317,0.1966506000021915,0.8343280586402555,1.0090163399817191,-0.17468828134146364
2055,2017-06-21 06:00:00,6.010592243713401,0.19698029145726334,0.9131845764832665,1.0124944458959544,-0.09930986941268793
2056,2017-06-21 08:00:00,5.72590283,0.19442209,0.8193263795844165,0.9855064985851141,-0.16618011900069762
2057,2017-06-21 10:00:00,6.169230905397037,0.19702746927902495,0.965485568465575,1.0129921520341194,-0.047506583568544425
2058,2017-06-21 12:00:00,6.1990471167319985,0.1973992220997616,0.9753155645927643,1.0169139876308475,-0.041598423038083254
2059,2017-06-21 14:00:00,6.192238576403241,0.21031233862715407,0.9730708821845396,1.1531419252197888,-0.18007104303524912
2060,2017-06-21 16:00:00,5.8408791843445504,0.20223545239644006,0.8572325074028769,1.067934179203044,-0.21070167180016697
2061,2017-06-21 18:00:00,5.7234138,0.2004912,0.8185057805154877,1.049533051473921,-0.23102727095843323
2062,2017-06-21 20:00:00,5.002903799806089,0.19404179999247906,0.5809635109112171,0.9814945992655064,-0.4005310883542893
2063,2017-06-21 22:00:00,5.2401572000000005,0.195845,0.659182704452215,1.0005175994501523,-0.34133489499793723
2064,2017-06-22 00:00:00,5.371871814046701,0.195902893541901,0.7026072070299492,1.0011283519200276,-0.2985211448900784
2065,2017-06-22 02:00:00,5.219660699780014,0.19580219999174775,0.6524252893158675,1.0000660773996368,-0.3476407880837693
2066,2017-06-22 04:00:00,5.391570660786722,0.19404860631816,0.7091016467489705,0.9815664031331559,-0.27246475638418544
2067,2017-06-22 06:00:00,5.941234,0.20059,0.8903181143619725,1.0505753498381645,-0.16025723547619197
2068,2017-06-22 08:00:00,5.727592370021887,0.2044662100007813,0.8198833977677566,1.0914677318551564,-0.2715843340873998
2069,2017-06-22 10:00:00,5.516523104,0.20811041170000003,0.7502967543054132,1.1299125240623347,-0.37961576975692146
2070,2017-06-22 12:00:00,5.600070719094759,0.20744261544733406,0.7778412576492835,1.1228675550157587,-0.3450262973664753
2071,2017-06-22 14:00:00,5.753997619936018,0.2058843799977107,0.8285888466753116,1.106428827685306,-0.2778399810099944
2072,2017-06-22 16:00:00,5.4607,0.20860949999999998,0.7318926421946217,1.1351776953042683,-0.4032850531096466
2073,2017-06-22 18:00:00,5.39681373,0.20488545,0.7108302147914392,1.0958905371730827,-0.38506032238164356
2074,2017-06-22 20:00:00,5.437418251762642,0.2059338617470298,0.7242169689698658,1.1069508392882939,-0.3827338703184281
2075,2017-06-22 22:00:00,5.400701474883976,0.2093788372882184,0.7121119509826559,1.143293879485054,-0.4311819285023981
2076,2017-06-23 00:00:00,5.577565,0.21394621,0.7704214305942717,1.1914777368370837,-0.421056306242812
2077,2017-06-23 02:00:00,5.584914945602849,0.21676739785102805,0.7728446068992484,1.2212400797758518,-0.4483954728766034
2078,2017-06-23 04:00:00,5.557849076999999,0.213048055,0.7639213610664335,1.1820025800826588,-0.4180812190162253
2079,2017-06-23 06:00:00,5.5901968499375405,0.2122760999976282,0.7745859783488572,1.1738587801206979,-0.39927280177184066
2080,2017-06-23 08:00:00,5.734375184181387,0.2086485883535562,0.8221195986106565,1.1355900609618859,-0.31347046235122933
2081,2017-06-23 10:00:00,5.739290638490508,0.20687975395352295,0.8237401565104921,1.1169296034540686,-0.2931894469435764
2082,2017-06-23 12:00:00,5.837921875,0.20946375,0.8562575230536835,1.1441896728108985,-0.28793214975721493
2083,2017-06-23 14:00:00,6.073874999977501,0.21053400499922006,0.9340480336812822,1.1554804120316529,-0.22143237835037066
2084,2017-06-23 16:00:00,6.1336400000000015,0.21218052,0.953751734871305,1.1728504514245213,-0.21909871655321622
2085,2017-06-23 18:00:00,6.413888,0.21356192,1.046145658556113,1.1874236392824769,-0.14127798072636377
2086,2017-06-23 20:00:00,6.179474442705777,0.2100510251879012,0.968862722287783,1.1503851785569534,-0.1815224562691704
2087,2017-06-23 22:00:00,6.0107574,0.21488160000000003,0.9132390262468333,1.2013457071501383,-0.28810668090330505
2088,2017-06-24 00:00:00,5.929205199999998,0.2135692,0.886352383904592,1.1875004402145788,-0.30114805630998676
2089,2017-06-24 02:00:00,5.944303064199128,0.2083420142469426,0.8913299427546749,1.1323558333318982,-0.24102589057722323
2090,2017-06-24 04:00:00,6.0103824,0.2114788,0.913115393887702,1.1654476011395314,-0.25233220725182937
2091,2017-06-24 06:00:00,6.433752808808014,0.21049741109111192,1.0526948136937802,1.1550943617223168,-0.10239954802853668
2092,2017-06-24 08:00:00,6.18112105,0.210002,0.9694055861393762,1.1498679834845227,-0.18046239734514646
2093,2017-06-24 10:00:00,6.2893618012832535,0.2093797934514468,1.005091077966798,1.1433039666041724,-0.13821288863737435
2094,2017-06-24 12:00:00,5.678324999999999,0.19665,0.8036406212770999,1.0090100102114483,-0.20536938893434842
2095,2017-06-24 14:00:00,5.845223720022508,0.1986964700007651,0.8586648412567319,1.030599406307308,-0.17193456505057614
2096,2017-06-24 16:00:00,5.795887250000002,0.2006955,0.8423992834431621,1.0516883303789306,-0.20928904693576855
2097,2017-06-24 18:00:00,5.599528806022606,0.1912747122007722,0.7776625963384719,0.9523029891540252,-0.17464039281555332
2098,2017-06-24 20:00:00,5.580993777341762,0.19283921588376,0.7715518514787988,0.9688078437049481,-0.1972559922261493
2099,2017-06-24 22:00:00,5.6464284940263925,0.19289329106411351,0.793124780526274,0.9693783140696106,-0.17625353354333662
2100,2017-06-25 00:00:00,5.73479088,0.186803344,0.8222566478232863,0.9051319389354481,-0.08287529111216174
2101,2017-06-25 02:00:00,5.733286582831499,0.1907869002693755,0.8217607016692164,0.9471567788488304,-0.12539607717961399
2102,2017-06-25 04:00:00,5.8740059927694865,0.19368914411896648,0.8681539620057102,0.9777742284142612,-0.10962026640855105
2103,2017-06-25 06:00:00,5.8080976899559005,0.1939156452741076,0.8464248981039028,0.98016372015012,-0.13373882204621723
2104,2017-06-25 08:00:00,6.0817022600237,0.19619636000076454,0.9366285740147359,1.0042242993900055,-0.06759572537526959
2105,2017-06-25 10:00:00,5.936462983030875,0.2013027098943396,0.8887451754730447,1.0580941388771357,-0.169348963404091
2106,2017-06-25 12:00:00,5.85292302,0.20279133,0.8612031949097352,1.073798453665697,-0.21259525875596186
2107,2017-06-25 14:00:00,5.713730240067912,0.1968972400023403,0.815313243557641,1.0116182880456068,-0.19630504448796582
2108,2017-06-25 16:00:00,5.775160022352681,0.197046071927636,0.8355658006370612,1.0131884021375395,-0.17762260150047826
2109,2017-06-25 18:00:00,5.39968344,0.1899396,0.7117763188376321,0.9382181180715712,-0.22644179923393903
2110,2017-06-25 20:00:00,5.220078599999999,0.18389672,0.6525630652894095,0.8744682806290613,-0.2219052153396518
2111,2017-06-25 22:00:00,5.2006366220803475,0.17347864465923,0.6461533116990538,0.7645619761123553,-0.11840866441330156
2112,2017-06-26 00:00:00,5.40865,0.180125,0.7147324707472097,0.8346782240867066,-0.11994575333949686
2113,2017-06-26 02:00:00,5.536742657490437,0.1825657489734519,0.7569628639016862,0.8604270971895204,-0.10346423328783416
2114,2017-06-26 04:00:00,5.194627640333223,0.1769323831008838,0.6441722327940582,0.8009974612162095,-0.1568252284221513
2115,2017-06-26 06:00:00,4.82850456,0.16776426,0.5234664723834402,0.7042776260822561,-0.18081115369881584
2116,2017-06-26 08:00:00,5.034578843007664,0.16630120271081067,0.5914063384221337,0.6888429882349218,-0.0974366498127881
2117,2017-06-26 10:00:00,4.93600901317977,0.16143930010654042,0.5589092168200418,0.6375519646363157,-0.0786427478162739
2118,2017-06-26 12:00:00,5.0190400000832005,0.16133318000267438,0.5862833949316784,0.6364324422610836,-0.05014904732940528
2119,2017-06-26 14:00:00,4.658236282255988,0.14617881775951802,0.4673313554162397,0.4765603068643635,-0.009228951448123801
2120,2017-06-26 16:00:00,4.720636493743802,0.1406996986653585,0.48790384970030604,0.41875790940142815,0.06914594029887788
2121,2017-06-26 18:00:00,4.43128400011895,0.13634720000366002,0.3925082992807361,0.3728408827267265,0.01966741655400961
2122,2017-06-26 20:00:00,4.758136075321424,0.14783454868749318,0.5002669476653051,0.4940275704054157,0.006239377259889434
2123,2017-06-26 22:00:00,4.933456823913229,0.16515517102848398,0.5580677950067837,0.6767528369407885,-0.11868504193400475
2124,2017-06-27 00:00:00,4.9183736317354265,0.166817353143974,0.5530950733209941,0.6942881577914981,-0.14119308447050405
2125,2017-06-27 02:00:00,4.845677508812371,0.16782752310486992,0.5291281581832081,0.7049450251786417,-0.17581686699543353
2126,2017-06-27 04:00:00,5.011037526169961,0.1631581740987303,0.5836450889882656,0.6556853608954276,-0.072040271907162
2127,2017-06-27 06:00:00,4.805888859589157,0.15106791944855,0.5160103859962477,0.5281382693451162,-0.012127883348868496
2128,2017-06-27 08:00:00,4.66420000004,0.14738872000126402,0.46929751141312015,0.4893242656443883,-0.02002675423126815
2129,2017-06-27 10:00:00,4.57609468,0.13848,0.44025039523030557,0.39534102389518583,0.04490937133511974
2130,2017-06-27 12:00:00,4.293791513075825,0.1359286510024004,0.347178911184846,0.36842536714607194,-0.02124645596122593
2131,2017-06-27 14:00:00,4.1129745184122255,0.1366835690044272,0.287566026861443,0.37638943393403296,-0.08882340707258995
2132,2017-06-27 16:00:00,4.37387041,0.13716640000000002,0.37357982570047465,0.38148309746532466,-0.007903271764850006
2133,2017-06-27 18:00:00,4.43393607692919,0.14730091223254901,0.3933826526477952,0.48839793068791537,-0.09501527804012017
2134,2017-06-27 20:00:00,4.638969179477403,0.1482962934450353,0.46097925576253324,0.49889878301153096,-0.03791952724899772
2135,2017-06-27 22:00:00,4.9078029999999995,0.1541391,0.5496100809504393,0.5605379299227772,-0.010927848972337895
2136,2017-06-28 00:00:00,4.599899999981,0.1508525099993769,0.4480986828813039,0.5258657904330138,-0.07776710755170996
2137,2017-06-28 02:00:00,4.5933464999815,0.1558013474993725,0.4459380837732918,0.5780739405458932,-0.13213585677260142
2138,2017-06-28 04:00:00,4.5620608974164805,0.15190671458589602,0.4356236495014123,0.5369872045636506,-0.10136355506223826
2139,2017-06-28 06:00:00,4.727572271643412,0.1494599943113613,0.490190480591343,0.5111753367508061,-0.02098485615946305
2140,2017-06-28 08:00:00,5.8045,0.15037360000000002,0.8452387890461145,0.5208134917592243,0.3244252972868902
2141,2017-06-28 10:00:00,5.8575675404378735,0.1518035681998264,0.8627344296264482,0.5358990536580028,0.32683537596844536
2142,2017-06-28 12:00:00,5.69344714,0.15468189999999998,0.8086261835259333,0.5662642411789652,0.24236194234696806
2143,2017-06-28 14:00:00,5.77435763,0.15387124,0.8353012628783656,0.5577121198028756,0.27758914307549
2144,2017-06-28 16:00:00,5.5349898512812885,0.15435394718415768,0.7563849877237213,0.5628044771759136,0.19358051054780767
2145,2017-06-28 18:00:00,5.7469830005528175,0.153941500014808,0.8262762228279714,0.5584533333505083,0.26782288947746313
2146,2017-06-28 20:00:00,5.635959,0.15802349999999998,0.7896731318718926,0.6015167129801415,0.18815641889175105
2147,2017-06-28 22:00:00,5.472761140043555,0.15676094000124755,0.7358690347210125,0.5881972370544432,0.14767179766656935
2148,2017-06-29 00:00:00,5.3260258263629305,0.1550731257396624,0.6874924133924962,0.5703915078641889,0.11710090552830732
2149,2017-06-29 02:00:00,5.251553999979211,0.1553742599993849,0.6629400731668186,0.573568347401906,0.08937172576491259
2150,2017-06-29 04:00:00,5.497277758550788,0.15169464744005198,0.7439518277449301,0.5347499855431744,0.20920184220175564
2151,2017-06-29 06:00:00,5.562782950032281,0.15587825319198162,0.765547991366793,0.5788852631937426,0.1866627281730504
2152,2017-06-29 08:00:00,5.42224192,0.15068936,0.7192135404398036,0.5241446266933691,0.19506891374643442
2153,2017-06-29 10:00:00,5.218556978451739,0.14408256937636096,0.6520614075248327,0.45444576981160273,0.19761563771322993
2154,2017-06-29 12:00:00,5.093605989741499,0.1402853482729268,0.6108667794981018,0.4143866873745533,0.19648009212354844
2155,2017-06-29 14:00:00,5.478307766129876,0.14222130101937794,0.7376976813030675,0.4348101730109786,0.3028875082920889
2156,2017-06-29 16:00:00,5.94158638043621,0.14352317441604806,0.8904342893610133,0.448544388717471,0.44188990064354233
2157,2017-06-29 18:00:00,5.7027097599999985,0.13849624,0.8116799423588286,0.3955123490514137,0.4161675933074149
2158,2017-06-29 20:00:00,5.621075657057685,0.142526238689406,0.7847662977393133,0.438027136924607,0.3467391608147063
2159,2017-06-29 22:00:00,5.4867281367288765,0.1253738311908201,0.7404737620548367,0.2570764660884256,0.4833972959664111
2160,2017-06-30 00:00:00,5.6108152035000005,0.1301371083,0.7813835668617327,0.30732703227604613,0.4740565345856866
2161,2017-06-30 02:00:00,5.7582360195282005,0.1292650162845369,0.8299861889167044,0.2981268290251652,0.5318593598915392
2162,2017-06-30 04:00:00,5.904,0.12971580000000002,0.878042575002262,0.3028824072564894,0.5751601677457726
2163,2017-06-30 06:00:00,6.575798669811581,0.1256679199963992,1.0995253867622998,0.2601789790539867,0.8393464077083131
2164,2017-06-30 08:00:00,6.478618192223999,0.124577398673376,1.0674863155472323,0.24867443865763258,0.8188118768895997
2165,2017-06-30 10:00:00,6.870648804898992,0.1264487549369876,1.1967334342049998,0.26841645862199764,0.9283169755830021
2166,2017-06-30 12:00:00,6.92801384388048,0.1265182117655625,1.2156459011408267,0.26914919889334543,0.9464967022474813
2167,2017-06-30 14:00:00,6.6586924098144005,0.1295078265324576,1.1268543164523204,0.3006883748169598,0.8261659416353606
2168,2017-06-30 16:00:00,6.35557296,0.13014012,1.0269199893080307,0.30735880444187197,0.7195611848661587
2169,2017-06-30 18:00:00,6.337120253797482,0.12981838511216398,1.0208363850409046,0.3039646369589614,0.7168717480819431
2170,2017-06-30 20:00:00,6.797552931527799,0.127392988393021,1.172634726824635,0.2783777236694433,0.8942570031551917
2171,2017-06-30 22:00:00,6.993329514236543,0.124382302411632,1.2371795822457774,0.24661625531263467,0.9905633269331428
2172,2017-07-01 00:00:00,6.591816000000001,0.12130178,1.1048060809441076,0.21411804204684917,0.8906880388972584
2173,2017-07-01 02:00:00,6.333951626756407,0.1186237205011002,1.0197917321441174,0.18586564290666568,0.8339260892374518
2174,2017-07-01 04:00:00,6.65813642048444,0.12168279441898458,1.126671014392281,0.21813758360212077,0.9085334307901601
2175,2017-07-01 06:00:00,6.080809364865002,0.11672161393047988,0.9363341987215978,0.16579922016198492,0.770534978559613
2176,2017-07-01 08:00:00,6.03337838,0.11736592,0.9206968532421931,0.1725963776754769,0.7481004755667162
2177,2017-07-01 10:00:00,5.9012165,0.11322679,0.8771248932112176,0.12893030046503795,0.7481945927461796
2178,2017-07-01 12:00:00,5.68124330489072,0.10652967698464001,0.8046027463925771,0.05827858041378458,0.7463241659787926
2179,2017-07-01 14:00:00,5.637481914591099,0.1058019526913238,0.7901752159349671,0.05060139579289612,0.739573820142071
2180,2017-07-01 16:00:00,5.390660267957827,0.105461892632328,0.708801502713844,0.04701390547674347,0.6617875972371006
2181,2017-07-01 18:00:00,5.101702875,0.0996030055,0.6135362115677637,-0.014794884749096647,0.6283310963168603
2182,2017-07-01 20:00:00,5.013547976086301,0.10375964958803492,0.5844727499099666,0.029055958709419415,0.5554167912005471
2183,2017-07-01 22:00:00,5.3078788482462596,0.1049843057783102,0.6815096034840523,0.041975565428899596,0.6395340380551527
2184,2017-07-02 00:00:00,5.359081,0.10143393,0.6983902509878098,0.004520597147699239,0.6938696538401106
2185,2017-07-02 02:00:00,5.140605145428438,0.0949624287765378,0.6263617568174387,-0.06375101357512195,0.6901127703925606
2186,2017-07-02 04:00:00,5.3309195816326,0.0967328103752238,0.6891058174164961,-0.04507423377352997,0.734180051190026
2187,2017-07-02 06:00:00,5.2656684999999985,0.1014965,0.6675934303282252,0.0051806842797915064,0.6624127460484337
2188,2017-07-02 08:00:00,5.172567420000001,0.101566,0.6368992805733901,0.005913879991481043,0.630985400581909
2189,2017-07-02 10:00:00,4.943101039999998,0.10294362,0.561247360838193,0.020447190442383693,0.5408001703958093
2190,2017-07-02 12:00:00,4.86392896,0.09899168,0.5351454114309273,-0.0212441111526428,0.5563895225835701
2191,2017-07-02 14:00:00,4.94172,0.09594855,0.560792050882848,-0.05334785023341658,0.6141399011162646
2192,2017-07-02 16:00:00,4.844660878367273,0.0959460608290631,0.5287929890624293,-0.05337410993782803,0.5821670990002573
2193,2017-07-02 18:00:00,4.886784,0.09189384,0.5426804047995623,-0.09612333201967077,0.638803736819233
2194,2017-07-02 20:00:00,5.178275046818953,0.0940381696796178,0.6387810068898371,-0.0735015575514066,0.7122825644412437
2195,2017-07-02 22:00:00,5.186319395606622,0.0952628040248904,0.6414331184052873,-0.06058218128749876,0.702015299692786
2196,2017-07-03 00:00:00,5.236364797260078,0.0983190734227835,0.6579324012588491,-0.028339827096086196,0.6862722283549353
2197,2017-07-03 02:00:00,5.0862,0.10068254,0.6084251262089203,-0.0034062507056303007,0.6118313769145506
2198,2017-07-03 04:00:00,4.985760000020399,0.10008180000040948,0.5753114351459424,-0.009743804540740307,0.5850552396866827
2199,2017-07-03 06:00:00,5.227232965502888,0.098181671070184,0.6549217615166338,-0.029789364012661832,0.6847111255292957
2200,2017-07-03 08:00:00,5.1826068,0.0954747,0.6402091265296956,-0.058346768046137226,0.6985558945758329
2201,2017-07-03 10:00:00,5.12625344,0.0972048,0.6216301962849747,-0.04009494213543128,0.661725138420406
2202,2017-07-03 12:00:00,5.258635608437541,0.1069727416477335,0.6652747823938769,0.06295272589553012,0.6023220564983468
2203,2017-07-03 14:00:00,5.370834160427323,0.1045202644025136,0.7022651068568168,0.03708012446802795,0.6651849823887888
2204,2017-07-03 16:00:00,5.187815600041009,0.10281920000081278,0.6419263964958628,0.019134611883355135,0.6227917846125077
2205,2017-07-03 18:00:00,5.236179699814394,0.10244864999636848,0.6578713771685047,0.015225465491627057,0.6426459116768777
2206,2017-07-03 20:00:00,5.3657346782,0.1046617936,0.7005838774751857,0.03857319785904799,0.6620106796161377
2207,2017-07-03 22:00:00,5.341221914668596,0.10384257861055396,0.6925023553839511,0.029930824949499463,0.6625715304344516
2208,2017-07-04 00:00:00,5.382234,0.1048905,0.7060234776837164,0.04098595399884585,0.6650375236848706
2209,2017-07-04 02:00:00,5.3368497,0.10868039999999998,0.6910608961463336,0.08096780187988409,0.6100930942664495
2210,2017-07-04 04:00:00,5.315404090204202,0.10802450000415,0.6839905725941686,0.07404833332946115,0.6099422392647075
2211,2017-07-04 06:00:00,5.386900000000002,0.1192963,0.7075617939176001,0.19296107318527894,0.5146007207323211
2212,2017-07-04 08:00:00,5.380515,0.12415872,0.7054567469494588,0.24425755509079594,0.46119919185866287
2213,2017-07-04 10:00:00,5.450168129958189,0.12229436999906182,0.7284204290230685,0.22458944824509444,0.5038309807779741
2214,2017-07-04 12:00:00,5.639421809594547,0.123429110618268,0.7908147727236156,0.23656048358152465,0.554254289142091
2215,2017-07-04 14:00:00,5.449570637328,0.145328355189,0.7282234438939117,0.4675882851426906,0.2606351587512211
2216,2017-07-04 16:00:00,5.36455328257544,0.131669186955747,0.7001943875335014,0.3234898164539565,0.37670457107954486
2217,2017-07-04 18:00:00,5.2339219735312,0.1314919010192,0.6571270357640681,0.3216195245342568,0.33550751122981126
2218,2017-07-04 20:00:00,5.3554080000630035,0.1324980000015588,0.6971793132616775,0.33223344481340344,0.36494586844827404
2219,2017-07-04 22:00:00,5.2402380000000015,0.13545,0.6592093431045296,0.36337580078123916,0.29583354232329045
2220,2017-07-05 00:00:00,5.17256328,0.13991168,0.636897915672145,0.4104446445644187,0.22645327110772634
2221,2017-07-05 02:00:00,5.218744048862638,0.13898911107719822,0.6521230820747612,0.4007119312128172,0.25141115086194404
2222,2017-07-05 04:00:00,5.199576684223634,0.13763592781980802,0.6458038647183658,0.38643641809844925,0.25936744661991656
2223,2017-07-05 06:00:00,5.1683925,0.12731984999999998,0.635522866683299,0.2776061444446539,0.3579167222386451
2224,2017-07-05 08:00:00,5.282549999979,0.12491972999950343,0.6731590294430985,0.252285889884879,0.4208731395582195
2225,2017-07-05 10:00:00,5.3172349634836555,0.12394686511636502,0.6845941864149928,0.24202257534717503,0.4425716110678178
2226,2017-07-05 12:00:00,5.383810801515577,0.1229013983980728,0.7065433275270562,0.23099334204406738,0.47554998548298877
2227,2017-07-05 14:00:00,5.3655511,0.12537385,0.7005233542593162,0.2570766645173472,0.44344668974196905
2228,2017-07-05 16:00:00,5.39333928,0.12385464,0.7096847362576167,0.24104963923452902,0.4686350970230877
2229,2017-07-05 18:00:00,5.474749124915854,0.12622124999806,0.7365244460801578,0.26601637739020056,0.4705080686899572
2230,2017-07-05 20:00:00,5.438501890583999,0.12503374822733118,0.7245742298336805,0.25348873413952283,0.47108549569415764
2231,2017-07-05 22:00:00,5.583198017645813,0.12384235504947047,0.7722785592891507,0.24092003818349922,0.5313585211056515
2232,2017-07-06 00:00:00,5.443940033406383,0.1204364665560232,0.7263671109708106,0.20498934986856016,0.5213777611022505
2233,2017-07-06 02:00:00,5.486449908999998,0.1265203794,0.7403820341868449,0.2691720665231884,0.47120996766365647
2234,2017-07-06 04:00:00,5.469150115796299,0.1244655047590986,0.7346785295301638,0.24749400501572827,0.4871845245144355
2235,2017-07-06 06:00:00,6.125385616234982,0.1271909455125916,0.9510303777031884,0.27624625642472067,0.6747841212784678
2236,2017-07-06 08:00:00,5.9066213888801435,0.1232739342543996,0.8789068109794687,0.2349234383362889,0.6439833726431797
2237,2017-07-06 10:00:00,5.779779316529932,0.12061835846755023,0.8370887186014733,0.2069082328832742,0.6301804857181991
2238,2017-07-06 12:00:00,5.8458305208192805,0.1210280146092954,0.8588648951608057,0.21122993254363154,0.6476349626171741
2239,2017-07-06 14:00:00,5.9179,0.11599084,0.8826252144473923,0.15808986315418128,0.724535351293211
2240,2017-07-06 16:00:00,6.212777172576,0.1166966645582192,0.9798421757794232,0.16553601479866298,0.8143061609807603
2241,2017-07-06 18:00:00,6.2453786258240696,0.1154184157619236,0.990590427982529,0.15205102867037176,0.8385393993121573
2242,2017-07-06 20:00:00,6.048571571294889,0.1146618020398167,0.9257058401289099,0.14406907275016687,0.781636767378743
2243,2017-07-06 22:00:00,6.202324284584021,0.11421660574926,0.9763960019069363,0.13937243949698327,0.837023562409953
2244,2017-07-07 00:00:00,5.80534468356504,0.11084805568086,0.8455172696377551,0.10383565583133761,0.7416816138064175
2245,2017-07-07 02:00:00,5.976815976794442,0.1065329903761877,0.9020490043183694,0.058313535298301314,0.8437354690200681
2246,2017-07-07 04:00:00,6.057815198020207,0.1072380047626152,0.9287533371395216,0.0657511399717988,0.8630021971677228
2247,2017-07-07 06:00:00,5.674119088813732,0.1080890219052736,0.8022539900177543,0.07472901219584795,0.7275249778219064
2248,2017-07-07 08:00:00,5.220132230109797,0.1016656853969146,0.6525807464013957,0.006965518920054486,0.6456152274813413
2249,2017-07-07 10:00:00,5.258702520000001,0.10000584,0.6652968422187304,-0.010545150534411738,0.6758419927531422
2250,2017-07-07 12:00:00,5.366166301896032,0.0947464047956239,0.7007261778906454,-0.06602997553811711,0.7667561534287625
2251,2017-07-07 14:00:00,5.164748140669341,0.0923499667536306,0.6343213713724425,-0.09131138698731368,0.7256327583597562
2252,2017-07-07 16:00:00,5.194386110352119,0.09101819597978247,0.6440926036704187,-0.10536100742384455,0.7494536110942632
2253,2017-07-07 18:00:00,5.127004222374183,0.0947409790133752,0.6218777189412799,-0.06608721525433736,0.6879649341956172
2254,2017-07-07 20:00:00,5.000590686386988,0.087261283913916,0.5802009091273731,-0.14499484650136937,0.7251957556287425
2255,2017-07-07 22:00:00,5.00361431,0.08818120000000003,0.581197756381777,-0.1352901194591962,0.7164878758409732
2256,2017-07-08 00:00:00,4.69984176,0.07970688,0.481048111059635,-0.22469062425753986,0.7057387353171749
2257,2017-07-08 02:00:00,4.6094770699252,0.080234480548698,0.45125611155001333,-0.21912466080731793,0.6703807723573313
2258,2017-07-08 04:00:00,4.651047688098831,0.08131494830977841,0.46496137447094343,-0.20772618125274314,0.6726875557236865
2259,2017-07-08 06:00:00,4.680171580895573,0.0809712336016535,0.4745631226670651,-0.2113522265770857,0.6859153492441508
2260,2017-07-08 08:00:00,4.581908016466666,0.08126109834687041,0.44216697256843196,-0.20829427566826522,0.6504612482366972
2261,2017-07-08 10:00:00,4.382622328418457,0.08180468946956801,0.37646521322313525,-0.20255961840100797,0.5790248316241432
2262,2017-07-08 12:00:00,4.141097868107444,0.08656147289536201,0.2968379097134212,-0.1523775578365761,0.4492154675499973
2263,2017-07-08 14:00:00,4.688377083665616,0.08688870608020009,0.4772683644412466,-0.14892538563735605,0.6261937500786027
2264,2017-07-08 16:00:00,4.4748455162830325,0.08493259383266841,0.4068699339759303,-0.1695615455146742,0.5764314794906045
2265,2017-07-08 18:00:00,4.436564132,0.08718294199999999,0.39424908637667777,-0.14582132067876172,0.5400704070554395
2266,2017-07-08 20:00:00,4.5485954033439215,0.08910626927924259,0.4311842607039249,-0.1255310284008311,0.556715289104756
2267,2017-07-08 22:00:00,4.661268347427137,0.0923091584003766,0.4683309857366362,-0.09174189791691,0.5600728836535461
2268,2017-07-09 00:00:00,4.667526366714451,0.091862908053184,0.4703941689045811,-0.09644965102340744,0.5668438199279885
2269,2017-07-09 02:00:00,4.59882041705802,0.08888817903525001,0.44774275919158185,-0.12783178856855318,0.5755745477601351
2270,2017-07-09 04:00:00,4.468909377605337,0.085787494484013,0.40491287043232105,-0.16054270391055264,0.5654555743428737
2271,2017-07-09 06:00:00,4.519021779005066,0.08535994299866538,0.42143424218373066,-0.16505319190455792,0.5864874340882886
2272,2017-07-09 08:00:00,4.387098356714499,0.0826596159664698,0.3779408983905423,-0.1935405041371497,0.571481402527692
2273,2017-07-09 10:00:00,4.4836381000178624,0.08330690000033189,0.4097687282959189,-0.18671193035480743,0.5964806586507263
2274,2017-07-09 12:00:00,4.40933173422,0.080605409808,0.38527093815710206,-0.21521151343666464,0.6004824515937667
2275,2017-07-09 14:00:00,4.370794842012493,0.0812649664607365,0.37256585309790397,-0.2082534686970574,0.5808193217949613
2276,2017-07-09 16:00:00,4.314075922841441,0.0831316649786766,0.3538664030059321,-0.1885605859866848,0.5424269889926169
2277,2017-07-09 18:00:00,4.314294480162708,0.0797302364397228,0.35393845835855503,-0.2244442236612076,0.5783826820197626
2278,2017-07-09 20:00:00,4.399789912744083,0.07979283411426039,0.3821251304251648,-0.22378384457440617,0.605908974999571
2279,2017-07-09 22:00:00,4.5321064142214285,0.07904074704565599,0.4257480670375178,-0.2317180462077572,0.657466113245275
2280,2017-07-10 00:00:00,4.6919447860278005,0.07627201624669201,0.47844458700048625,-0.2609269893534137,0.7393715763538999
2281,2017-07-10 02:00:00,4.6892,0.07554548,0.47753966867534653,-0.26859164058307694,0.7461313092584234
2282,2017-07-10 04:00:00,4.826095400019491,0.0739086000002985,0.5226722053650007,-0.28586003477489713,0.8085322401398978
2283,2017-07-10 06:00:00,4.588891387853222,0.07581929135079601,0.4444692943796568,-0.26570304622026314,0.71017234059992
2284,2017-07-10 08:00:00,4.547873725228695,0.073157415396294,0.430946333322808,-0.29378471578703097,0.724731049109839
2285,2017-07-10 10:00:00,4.448693021173598,0.0690303476586824,0.3982478148624723,-0.337323541212485,0.7355713560749573
2286,2017-07-10 12:00:00,3.9491681599508,0.0648715199991918,0.23356131609536673,-0.38119742042966964,0.6147587365250364
2287,2017-07-10 14:00:00,3.6815548041588464,0.0573866268355378,0.1453328613978229,-0.4601598890634168,0.6054927504612397
2288,2017-07-10 16:00:00,3.76380703784106,0.06262979497131,0.17245029524833913,-0.4048466747783034,0.5772969700266425
2289,2017-07-10 18:00:00,3.8463518646,0.0597094596,0.1996641930250984,-0.4356549822738394,0.6353191752989378
2290,2017-07-10 20:00:00,3.63445086,0.05576576,0.1298033367558417,-0.47725935112149026,0.607062687877332
2291,2017-07-10 22:00:00,3.2801508000000004,0.05208684,0.012995464067497674,-0.5160704067711142,0.5290658708386118
2292,2017-07-11 00:00:00,3.590582511288833,0.05586897315984,0.11534054357623605,-0.4761704957807045,0.5915110393569405
2293,2017-07-11 02:00:00,2.9561152650582585,0.051070433131031406,-0.09383460960501168,-0.5267930709101006,0.43295846130508897
2294,2017-07-11 04:00:00,3.098627550064412,0.0503486011126648,-0.04685026293703828,-0.534408094513361,0.48755783157632276
2295,2017-07-11 06:00:00,2.6844345809676438,0.046438076840010896,-0.1834040066836878,-0.5756624776380759,0.39225847095438804
2296,2017-07-11 08:00:00,2.70860618,0.04712494,-0.1754349618507709,-0.5684163607543128,0.3929813989035419
2297,2017-07-11 10:00:00,3.0044992003242497,0.04991093294815,-0.07788308944238179,-0.5390253092092644,0.46114221976688263
2298,2017-07-11 12:00:00,3.0218301066952016,0.052184139778880985,-0.0721693272009874,-0.5150439351074613,0.44287460790647387
2299,2017-07-11 14:00:00,2.965116,0.050843099999999995,-0.09086719068564576,-0.5291913396409954,0.43832414895534966
2300,2017-07-11 16:00:00,3.011791779614675,0.0537287860758616,-0.07547882602417724,-0.498748567610723,0.42326974158654573
2301,2017-07-11 18:00:00,2.8464873935473505,0.045584804117553016,-0.1299774159554828,-0.5846641452784754,0.45468672932299264
2302,2017-07-11 20:00:00,2.9319113496502918,0.04977508102329901,-0.10181430870394277,-0.540458489766466,0.4386441810625233
2303,2017-07-11 22:00:00,2.8984131590990736,0.0496540626778464,-0.11285820290253981,-0.5417351823121008,0.42887697940956104
2304,2017-07-12 00:00:00,2.8316807596746627,0.0451146279459781,-0.13485896015940937,-0.5896243057495162,0.45476534559010684
2305,2017-07-12 02:00:00,2.777479199937864,0.047069099998947005,-0.15272847135634696,-0.5690054492336336,0.4162769778772867
2306,2017-07-12 04:00:00,3.037599997989984,0.048220941936132,-0.06697021023027622,-0.556854002199271,0.48988379196899473
2307,2017-07-12 06:00:00,2.8962537833314586,0.0490615738391268,-0.11357011949027586,-0.5479856898771818,0.4344155703869059
2308,2017-07-12 08:00:00,2.97400777860678,0.0507449132626824,-0.08793569317623617,-0.5302271683423774,0.4422914751661412
2309,2017-07-12 10:00:00,3.0105021448031195,0.0519003876548371,-0.07590400094196485,-0.5180374004388537,0.44213339949688885
2310,2017-07-12 12:00:00,3.0554336564,0.05283190541999999,-0.06109069753382185,-0.5082102805715148,0.447119583037693
2311,2017-07-12 14:00:00,3.045150850877413,0.0551256260243336,-0.06448079754780814,-0.48401249480300645,0.41953169725519834
2312,2017-07-12 16:00:00,3.1044204310389825,0.056024395000703504,-0.044940429494231694,-0.4745308608566179,0.42959043136238617
2313,2017-07-12 18:00:00,3.0705370015533733,0.06627636638678361,-0.05611133168826329,-0.366376883063269,0.3102655513750057
2314,2017-07-12 20:00:00,3.160324568609705,0.0685625589491258,-0.026509601726060806,-0.3422585149653437,0.3157489132392829
2315,2017-07-12 22:00:00,3.2413794404454297,0.07256074949877843,0.00021307833828185685,-0.3000792895621361,0.30029236790041797
2316,2017-07-13 00:00:00,3.514548749985202,0.07393374999968871,0.09027325482000359,-0.2855947128799058,0.3758679676999094
2317,2017-07-13 02:00:00,3.749468352641497,0.07766373411110973,0.16772302730684124,-0.2462449523739491,0.41396797968079035
2318,2017-07-13 04:00:00,3.4155646494843044,0.067508085982747,0.05763955385625239,-0.35338276039040095,0.41102231424665336
2319,2017-07-13 06:00:00,3.116585704008,0.064406839336,-0.04092970576987228,-0.3860996056031557,0.34516989983328344
2320,2017-07-13 08:00:00,3.259985395459003,0.0642203361404822,0.006347206637527714,-0.38806713572071033,0.394414342358238
2321,2017-07-13 10:00:00,3.34684895985804,0.067309479997145,0.034984933008724343,-0.35547796984305224,0.3904629028517766
2322,2017-07-13 12:00:00,3.3233070100567845,0.0699490800011952,0.02722347489545035,-0.3276313021661417,0.3548547770615921
2323,2017-07-13 14:00:00,3.4499999999849997,0.0667229999997099,0.06899241684268184,-0.3616650866647947,0.43065750350747656
2324,2017-07-13 16:00:00,3.058187170146837,0.06907365000331651,-0.06018290179936409,-0.33686671972483273,0.27668381792546864
2325,2017-07-13 18:00:00,3.07541413550577,0.0656308665631108,-0.05450340748470667,-0.3731866341800064,0.31868322669529975
2326,2017-07-13 20:00:00,3.113899648535013,0.06544911411033599,-0.04181526143622604,-0.37510404596365454,0.3332887845274285
2327,2017-07-13 22:00:00,3.408143093474413,0.0659780234765505,0.05519276858177966,-0.36952427504018825,0.42471704362196794
2328,2017-07-14 00:00:00,3.13327728,0.0634396,-0.03542672198984873,-0.39630357298923674,0.360876850999388
2329,2017-07-14 02:00:00,3.0268517181651444,0.0637224699613719,-0.07051377074053573,-0.39331941410227755,0.32280564336174183
2330,2017-07-14 04:00:00,3.126163951913555,0.0654738697002839,-0.03777188874345271,-0.37484288492206963,0.3370709961786169
2331,2017-07-14 06:00:00,3.1274819839286305,0.0689693650921556,-0.03733735165696142,-0.33796688159040267,0.3006295299334413
2332,2017-07-14 08:00:00,3.1084401155000005,0.064190261,-0.04361519463322175,-0.38838441577869603,0.34476922114547426
2333,2017-07-14 10:00:00,3.08116224,0.06817536,-0.052608336233628435,-0.3463433007073542,0.29373496447372577
2334,2017-07-14 12:00:00,2.97245081910478,0.06450278720628601,-0.08844900137971354,-0.3850873960054658,0.29663839462575226
2335,2017-07-14 14:00:00,2.9248366794790805,0.06260831080028001,-0.10414673047285487,-0.4050733237289277,0.3009265932560728
2336,2017-07-14 16:00:00,2.781474500139645,0.06136991000308111,-0.1514112756513241,-0.4181379302592749,0.26672665460795086
2337,2017-07-14 18:00:00,2.79808004,0.06084828,-0.14593665680443607,-0.4236409069693134,0.2777042501648773
2338,2017-07-14 20:00:00,2.812318423940776,0.06074150058902481,-0.14124245681293182,-0.42476738475670534,0.2835249279437735
2339,2017-07-14 22:00:00,2.867679490221,0.0598242059806104,-0.1229906722042829,-0.4344444563141928,0.3114537841099099
2340,2017-07-15 00:00:00,2.814504349891,0.05711322760184661,-0.14052178699396564,-0.46304413576444686,0.32252234877048125
2341,2017-07-15 02:00:00,2.652163147187207,0.0543572063997378,-0.19404345599254644,-0.4921189980192903,0.2980755420267439
2342,2017-07-15 04:00:00,2.679871490519734,0.056393849976123005,-0.18490839504903225,-0.47063326655964033,0.2857248715106081
2343,2017-07-15 06:00:00,2.5805583999999997,0.05601133,-0.21765055951187523,-0.47466869110825866,0.2570181315963834
2344,2017-07-15 08:00:00,2.63313123838826,0.055795486812235305,-0.20031801541543676,-0.47694574577971866,0.2766277303642819
2345,2017-07-15 10:00:00,2.6785679734900407,0.0563870224896128,-0.18533814674382876,-0.4707052936651209,0.28536714692129217
2346,2017-07-15 12:00:00,2.523302077254701,0.05627001842798,-0.23652718419501978,-0.4719396372081343,0.23541245301311453
2347,2017-07-15 14:00:00,2.613730725,0.054600765,-0.2067140987182293,-0.4895495574256593,0.28283545870743
2348,2017-07-15 16:00:00,2.6920900303489503,0.056657600007344,-0.18088010997109985,-0.46785081487835667,0.28697070490725685
2349,2017-07-15 18:00:00,2.7541800000132,0.0592357350002839,-0.16040989816316276,-0.44065257716641043,0.2802426790032477
2350,2017-07-15 20:00:00,2.647505952,0.054243189000000004,-0.19557886940035696,-0.4933218335379341,0.2977429641375771
2351,2017-07-15 22:00:00,2.6045257,0.052878350000000005,-0.20974886926919398,-0.507720309824936,0.297971440555742
2352,2017-07-16 00:00:00,2.551440016744884,0.0523556208636336,-0.22725049128765296,-0.5132348819279434,0.28598439064029046
2353,2017-07-16 02:00:00,2.60488800050193,0.053028800010217994,-0.20962942376047924,-0.5061331256189578,0.29650370185847863
2354,2017-07-16 04:00:00,2.5916702699096983,0.05261570999816671,-0.21398712833508818,-0.5104910511639619,0.2965039228288737
2355,2017-07-16 06:00:00,2.599185581348,0.051725777179956,-0.21150943318116025,-0.5198794673654565,0.3083700341842963
2356,2017-07-16 08:00:00,2.4392400949454456,0.04811470856502299,-0.26424126735805775,-0.5579747194961838,0.29373345213812607
2357,2017-07-16 10:00:00,2.3898394083000003,0.04532148,-0.28052799651186583,-0.5874421037500482,0.3069141072381824
2358,2017-07-16 12:00:00,2.3787109056012112,0.0460098080818212,-0.2841969112911974,-0.5801805325582958,0.29598362126709843
2359,2017-07-16 14:00:00,2.36395776,0.04439268,-0.28906082114528797,-0.5972405523402243,0.30817973119493636
2360,2017-07-16 16:00:00,2.42911254,0.04733766,-0.26758018338508804,-0.5661722543976135,0.2985920710125255
2361,2017-07-16 18:00:00,2.349810412750371,0.0473593338010152,-0.2937250075877415,-0.5659436049305581,0.27221859734281656
2362,2017-07-16 20:00:00,2.3366826,0.0460782,-0.29805306748257115,-0.5794590266428582,0.28140595916028704
2363,2017-07-16 22:00:00,2.458334313859589,0.0457786429973853,-0.25794616514439567,-0.5826192267827671,0.32467306163837145
2364,2017-07-17 00:00:00,2.5047263800085395,0.048692331888902,-0.24265133692315324,-0.5518810368481271,0.30922969992497384
2365,2017-07-17 02:00:00,2.4386134115167675,0.0470272875844784,-0.2644478762933002,-0.569446552585918,0.30499867629261784
2366,2017-07-17 04:00:00,2.4761238148560003,0.0488024402928,-0.2520812105418534,-0.5507194395882855,0.2986382290464321
2367,2017-07-17 06:00:00,2.60592495,0.0491556,-0.20928755572648908,-0.5469937535039607,0.3377061977774717
2368,2017-07-17 08:00:00,2.5322009999999997,0.049364,-0.23359333136107935,-0.5447952213267506,0.3112018899656713
2369,2017-07-17 10:00:00,2.459101440455187,0.0458454955237632,-0.2576932540223527,-0.5819139608021069,0.3242207067797542
2370,2017-07-17 12:00:00,2.5006351500000004,0.047554,-0.24400015937036418,-0.563889958566435,0.3198897991960708
2371,2017-07-17 14:00:00,2.5380680046307877,0.0477675965843232,-0.23165906036497785,-0.5616366046145312,0.3299775442495534
2372,2017-07-17 16:00:00,2.6418006987603,0.05237997997541999,-0.19745981318026376,-0.512977903563881,0.3155180903836172
2373,2017-07-17 18:00:00,2.6307351548350644,0.05395072700562,-0.20110797131505556,-0.4964071843309065,0.29529921301585094
2374,2017-07-17 20:00:00,2.693417669862261,0.0529576199972918,-0.18044240542414944,-0.5068840447590369,0.32644163933488746
2375,2017-07-17 22:00:00,2.90996772018812,0.0536284823470056,-0.10904882251276779,-0.49980672968070416,0.39075790716793635
2376,2017-07-18 00:00:00,2.79522342,0.05177106,-0.14687844525707971,-0.5194017526968311,0.37252330743975137
2377,2017-07-18 02:00:00,2.774885749716717,0.051482949994744204,-0.15358349634069302,-0.5224411918385347,0.36885769549784164
2378,2017-07-18 04:00:00,2.9416590816096,0.0532931941938,-0.09860061510845487,-0.5033438784017208,0.40474326329326593
2379,2017-07-18 06:00:00,2.940303456731372,0.054111730116448604,-0.09904754604656764,-0.4947086693607165,0.3956611233141489
2380,2017-07-18 08:00:00,2.9632440701855782,0.054084594809296116,-0.09148434028320582,-0.4949949354159623,0.40351059513275644
2381,2017-07-18 10:00:00,3.0630636599865717,0.0550633399997586,-0.05857518995092197,-0.48466958611403643,0.42609439616311445
2382,2017-07-18 12:00:00,3.168270369402504,0.05608990408344261,-0.023889980133526455,-0.47383976764020025,0.4499497875066738
2383,2017-07-18 14:00:00,3.447600528570632,0.06339140999946001,0.06820134401167874,-0.39681195718696677,0.4650133011986455
2384,2017-07-18 16:00:00,3.4574550926252003,0.0627214839957444,0.07145025868441442,-0.4038793942096084,0.4753296528940228
2385,2017-07-18 18:00:00,3.6299952818400003,0.06339512239999999,0.12833439371793703,-0.39677279292572953,0.5251071866436665
2386,2017-07-18 20:00:00,3.5262914400151466,0.0595735200002559,0.09414465874253317,-0.4370890877642159,0.531233746506749
2387,2017-07-18 22:00:00,3.4025969993786562,0.058419999989332,0.05336429738972077,-0.44925823776935936,0.5026225351590802
2388,2017-07-19 00:00:00,3.4313085337269964,0.057444946480818,0.06283009665841957,-0.45954464138245715,0.5223747380408768
2389,2017-07-19 02:00:00,3.44755154771,0.059026862528999996,0.06818519569340606,-0.44285609371655943,0.5110412894099655
2390,2017-07-19 04:00:00,3.4815037936210165,0.0614887910848476,0.07937878571949125,-0.41688378494485473,0.496262570664346
2391,2017-07-19 06:00:00,3.5551500399850813,0.06362609999973301,0.1036589435305515,-0.3943360765858649,0.4979950201164164
2392,2017-07-19 08:00:00,3.484140970044346,0.0629083300008007,0.08024822663325515,-0.40190824759588745,0.4821564742291426
2393,2017-07-19 10:00:00,3.51919482,0.06387021,0.09180500041098563,-0.39176081895455145,0.4835658193655371
2394,2017-07-19 12:00:00,3.3076207637283903,0.06018915065527,0.02205193452346995,-0.4305944437895258,0.45264637831299576
2395,2017-07-19 14:00:00,3.2260395900559344,0.0608125200010544,-0.004844260041379746,-0.42401815988840597,0.41917389984702624
2396,2017-07-19 16:00:00,3.2633456006855166,0.0595471000125088,0.007455020235711508,-0.43736780750118087,0.44482282773689236
2397,2017-07-19 18:00:00,3.14146683,0.05642265,-0.03272673962525408,-0.4703294384444868,0.43760269881923275
2398,2017-07-19 20:00:00,3.1504620493419813,0.05687680908951859,-0.02976113912351592,-0.4655382514393091,0.4357771123157932
2399,2017-07-19 22:00:00,3.104842499613619,0.0570149999929048,-0.04480127927130512,-0.4640803956442405,0.41927911637293536
2400,2017-07-20 00:00:00,3.2774207386159824,0.0584956670485512,0.01209540025555325,-0.44845998218179567,0.4605553824373489
2401,2017-07-20 02:00:00,3.3092530754317084,0.061077247287054916,0.022590085314719822,-0.42122539858102775,0.4438154838957476
2402,2017-07-20 04:00:00,3.329096533214399,0.0607911782438376,0.029132201312038784,-0.4242433064333164,0.45337550774535523
2403,2017-07-20 06:00:00,3.2439933164099997,0.060685846397698515,0.0010748374102182588,-0.4253545130217124,0.42642935043193064
2404,2017-07-20 08:00:00,3.31087014,0.06097572,0.02312320933457417,-0.42229646867438225,0.44541967800895643
2405,2017-07-20 10:00:00,3.702839119924983,0.06752447999863201,0.15235000851958566,-0.3532098104314908,0.5055598189510765
2406,2017-07-20 12:00:00,3.791039525,0.07464628600000002,0.18142847293492612,-0.27807775834965165,0.4595062312845778
2407,2017-07-20 14:00:00,3.9969825,0.08001,0.24932504852359202,-0.2214928359967149,0.47081788452030693
2408,2017-07-20 16:00:00,3.955302,0.082342,0.23558355907087636,-0.19689121873541998,0.43247477780629634
2409,2017-07-20 18:00:00,3.9908369634466334,0.0874930349636224,0.24729894937100588,-0.14254997059022856,0.38984891996123444
2410,2017-07-20 20:00:00,4.029488188917859,0.0933222944027296,0.2600417285398589,-0.08105374004232724,0.34109546858218615
2411,2017-07-20 22:00:00,3.9488076,0.0834802,0.23344244442249834,-0.1848836883894483,0.41832613281194664
2412,2017-07-21 00:00:00,4.08177815,0.09399285,0.27728101186643017,-0.07397966107300244,0.35126067293943264
2413,2017-07-21 02:00:00,4.014579,0.0858375,0.255126373343465,-0.16001516678994132,0.4151415401334063
2414,2017-07-21 04:00:00,4.149864002512737,0.08879055507885081,0.2997279840520548,-0.12886168016841015,0.42858966422046496
2415,2017-07-21 06:00:00,4.02152622001453,0.09604057800034703,0.2574167765429312,-0.0523769936116927,0.3097937701546239
2416,2017-07-21 08:00:00,3.8869681485829495,0.09910458996387,0.21305482504631232,-0.020052958615714617,0.23310778366202695
2417,2017-07-21 10:00:00,3.9455444,0.0903602,0.2323666121176532,-0.11230258772147711,0.3446691998391303
2418,2017-07-21 12:00:00,3.9439643679427867,0.0951027259986204,0.23184569720902323,-0.06227093700543969,0.29411663421446294
2419,2017-07-21 14:00:00,3.8455065348706365,0.094127451601729,0.1993854994019386,-0.07255967089783345,0.27194517029977205
2420,2017-07-21 16:00:00,3.7154063505391184,0.0958947795366275,0.15649325216910978,-0.053915105962341295,0.2104083581314511
2421,2017-07-21 18:00:00,3.6258884397900135,0.09287155002023498,0.12698042419468605,-0.08580890332740933,0.2127893275220954
2422,2017-07-21 20:00:00,3.5965512003405826,0.09506640000900253,0.11730833853193852,-0.06265416088760797,0.1799624994195465
2423,2017-07-21 22:00:00,3.61871058322148,0.0951744883678516,0.12461398328515744,-0.06151387425175624,0.1861278575369137
2424,2017-07-22 00:00:00,3.719542749355508,0.0971617499831646,0.15785696615305053,-0.040549101671141716,0.19840606782419223
2425,2017-07-22 02:00:00,3.839800325,0.099813775,0.19750424023392638,-0.012571355345428347,0.21007559557935473
2426,2017-07-22 04:00:00,3.867032586688896,0.09588708825877199,0.20648234358613085,-0.05399624570250072,0.26047858928863155
2427,2017-07-22 06:00:00,3.9059720999999996,0.09960300000000002,0.21932016730365844,-0.014794942771778544,0.23411511007543698
2428,2017-07-22 08:00:00,3.9557827960974703,0.10255649000252698,0.23574207095298652,0.016363132111252766,0.21937893884173376
2429,2017-07-22 10:00:00,3.844799999973001,0.1016166399992864,0.19915256453206334,0.006448110643520551,0.1927044538885428
2430,2017-07-22 12:00:00,3.7181863200133836,0.09792450000035252,0.15740976999421952,-0.03250241042375603,0.18991218041797556
2431,2017-07-22 14:00:00,3.951627899943649,0.0996616499985788,0.23437225865047429,-0.014176210002734647,0.24854846865320893
2432,2017-07-22 16:00:00,3.9913469999860105,0.1035353699996371,0.24746710142595602,0.026689903566501735,0.22077719785945427
2433,2017-07-22 18:00:00,3.9997238999576004,0.1013705999989254,0.2502288505078062,0.00385249232454543,0.24637635818326076
2434,2017-07-22 20:00:00,4.15340928,0.10312608,0.30089681343745517,0.022372066551086846,0.2785247468863683
2435,2017-07-22 22:00:00,4.04567241,0.10055604,0.265377444361422,-0.004740772396691126,0.27011821675811315
2436,2017-07-23 00:00:00,4.1798654750910496,0.1005651424555204,0.30961905827143377,-0.004644745326858044,0.3142638035982918
2437,2017-07-23 02:00:00,4.130230700014579,0.09717190000034301,0.29325515337103103,-0.04044202326727428,0.33369717663830534
2438,2017-07-23 04:00:00,4.049291200101669,0.0955726400023996,0.2665705098480086,-0.05731354229416242,0.32388405214217103
2439,2017-07-23 06:00:00,3.8014557401199998,0.0922420034,0.18486255626426945,-0.0924503548707896,0.27731291113505907
2440,2017-07-23 08:00:00,3.9155148001000315,0.0938176000023968,0.22246626470592132,-0.0758284746948192,0.2982947394007405
2441,2017-07-23 10:00:00,3.768172239986024,0.0926884799996562,0.17388944255304978,-0.08774021489614714,0.2616296574491969
2442,2017-07-23 12:00:00,3.8089881600138407,0.0959897600003488,0.1873458918414492,-0.05291310209623,0.2402589939376792
2443,2017-07-23 14:00:00,4.3439037499844035,0.0966116499996531,0.36370022870577834,-0.046352424677056976,0.4100526533828353
2444,2017-07-23 16:00:00,4.03669891404804,0.0944487600109452,0.2624190057635683,-0.06917000258463776,0.33158900834820604
2445,2017-07-23 18:00:00,4.11101325,0.10220175,0.28691942355292843,0.012620774577187731,0.2742986489757407
2446,2017-07-23 20:00:00,4.2781940381609855,0.0976585362384135,0.34203663753094876,-0.03530821603121655,0.3773448535621653
2447,2017-07-23 22:00:00,4.194693878660748,0.0964376507474725,0.3145077796460243,-0.04818804346174769,0.362695823107772
2448,2017-07-24 00:00:00,4.1672958678849605,0.09739326849964852,0.3054750310921233,-0.03810667888750522,0.34358170997962856
2449,2017-07-24 02:00:00,4.1491550099999985,0.093909208393,0.2994942389401717,-0.07486204477906319,0.3743562837192349
2450,2017-07-24 04:00:00,4.048119300104371,0.0918484500023681,0.26618415048445737,-0.09660217736668239,0.36278632785113973
2451,2017-07-24 06:00:00,4.0703796,0.0924476,0.2735230661939634,-0.09028139738218592,0.3638044635761493
2452,2017-07-24 08:00:00,4.159085734888404,0.0938077496591595,0.30276826279573577,-0.07593239166489492,0.37870065446063067
2453,2017-07-24 10:00:00,4.212481878978,0.093085126362,0.3203722394952206,-0.08355576292596392,0.40392800242118454
2454,2017-07-24 12:00:00,4.5116999999999985,0.0932418,0.419020352019907,-0.0819029220696129,0.5009232740895199
2455,2017-07-24 14:00:00,4.3835804000000005,0.090856,0.37678107628938257,-0.10707210665880552,0.4838531829481881
2456,2017-07-24 16:00:00,4.309795099239862,0.0948719440043772,0.35245507415023125,-0.06470558978981758,0.4171606639400488
2457,2017-07-24 18:00:00,4.374802490015753,0.0996109900003587,0.37388711970379884,-0.014710651635096885,0.3885977713388957
2458,2017-07-24 20:00:00,4.173047657992231,0.0953541224162046,0.30737131743929497,-0.05961881074203177,0.36699012818132676
2459,2017-07-24 22:00:00,4.16235354544908,0.09415836363624001,0.3038456151392299,-0.07223356196052304,0.37607917709975297
2460,2017-07-25 00:00:00,4.097425546735539,0.0933728569986512,0.2824397440602347,-0.08052032596316748,0.3629600700234022
2461,2017-07-25 02:00:00,4.138735753660833,0.0921018943300568,0.2960591529625614,-0.09392844651469112,0.38998759947725253
2462,2017-07-25 04:00:00,4.077565,0.09299099999999999,0.27589199406943377,-0.0845487563788466,0.3604407504482804
2463,2017-07-25 06:00:00,3.8092698987216873,0.0787299192346612,0.18743877723107497,-0.2349971486263935,0.4224359258574685
2464,2017-07-25 08:00:00,3.7046108670954903,0.0783550050087959,0.15293412927284936,-0.23895233571496677,0.3918864649878161
2465,2017-07-25 10:00:00,3.1076962000000004,0.07058692,-0.043860453375246536,-0.3209023589738001,0.2770419055985536
2466,2017-07-25 12:00:00,3.3182385389999998,0.074473927,0.025552469471614204,-0.2798960731650634,0.3054485426366776
2467,2017-07-25 14:00:00,3.436223447196629,0.08032663242875239,0.06445047625089009,-0.21815249730688618,0.2826029735577763
2468,2017-07-25 16:00:00,3.4360336156543725,0.07592016605089677,0.06438789139380556,-0.26463886064426545,0.329026752038071
2469,2017-07-25 18:00:00,3.274561328526504,0.0694859260005624,0.011152691948657817,-0.332517381692988,0.3436700736416458
2470,2017-07-25 20:00:00,3.422712,0.074919,0.05999593733836743,-0.2752007405752965,0.3351966779136639
2471,2017-07-25 22:00:00,3.4367977593035333,0.0729513799852164,0.06463981907930123,-0.2959583025475818,0.36059812162688304
2472,2017-07-26 00:00:00,3.50136233,0.07529011,0.08592587292329576,-0.27128568646644613,0.3572115593897419
2473,2017-07-26 02:00:00,3.3194847029008687,0.070903909638324,0.025963312626090418,-0.31755825187352416,0.3435215644996146
2474,2017-07-26 04:00:00,3.2276763236365,0.06830721278637,-0.0043046514178208236,-0.34495230937583193,0.3406476579580111
2475,2017-07-26 06:00:00,3.192205559961453,0.0702091439991522,-0.0159988759333719,-0.3248877365824452,0.3088888606490733
2476,2017-07-26 08:00:00,3.186911462074,0.068700305752,-0.017744267430165005,-0.34080534424352643,0.32306107681336144
2477,2017-07-26 10:00:00,3.3155119735107736,0.074583365009739,0.024653558208257497,-0.2787415482810853,0.3033951064893428
2478,2017-07-26 12:00:00,3.238644714673957,0.07461569999939999,-0.0006885232582623053,-0.2784004277665967,0.2777119045083344
2479,2017-07-26 14:00:00,3.17750071728,0.07284059904000001,-0.020846860977002165,-0.29712699483491384,0.27628013385791167
2480,2017-07-26 16:00:00,3.1739349913160866,0.0742644577157934,-0.022022431944826237,-0.2821058858400411,0.26008345389521487
2481,2017-07-26 18:00:00,3.135525608747696,0.07936160630601839,-0.03468547882403494,-0.22833311622569116,0.19364763740165622
2482,2017-07-26 20:00:00,3.1127700001778,0.0755643300043162,-0.04218769101326868,-0.2683927809812069,0.2262050899679382
2483,2017-07-26 22:00:00,3.2580828480488773,0.0782158160227608,0.005719962838400271,-0.24042072086137467,0.24614068369977493
2484,2017-07-27 00:00:00,3.28507834,0.07918059999999999,0.014620006453933318,-0.23024265647549627,0.2448626629294296
2485,2017-07-27 02:00:00,3.3026953143914115,0.07900270438375999,0.020428081399971442,-0.23211938025902917,0.2525474616590006
2486,2017-07-27 04:00:00,3.3266852268541403,0.07656030291942001,0.028337226661620397,-0.25788568644432863,0.28622291310594905
2487,2017-07-27 06:00:00,3.2662590765470423,0.07560538154761681,0.008415553286464183,-0.2679597044991026,0.2763752577855668
2488,2017-07-27 08:00:00,3.3857303900263838,0.07550937200058841,0.04780360751034486,-0.2689725647604333,0.31677617227077814
2489,2017-07-27 10:00:00,3.4265952000000004,0.07774368,0.061276175143642996,-0.24540155693651675,0.30667773208015975
2490,2017-07-27 12:00:00,3.3442293222913757,0.0762558917811801,0.034121274415563084,-0.2610970956694802,0.29521837008504326
2491,2017-07-27 14:00:00,3.300840325973987,0.07684458399939441,0.01981651714875205,-0.254886640850779,0.27470315799953104
2492,2017-07-27 16:00:00,3.33545342,0.07820878,0.03122797973879567,-0.24049494793641876,0.27172292767521444
2493,2017-07-27 18:00:00,3.2966010599943387,0.07766847706745039,0.018418889271289162,-0.2461949161833059,0.26461380545459506
2494,2017-07-27 20:00:00,3.2991029801529157,0.08050726512060799,0.019243738048789965,-0.21624689852905218,0.23549063657784214
2495,2017-07-27 22:00:00,3.3738119974728003,0.08282339993796001,0.04387427687447454,-0.19181265225887487,0.2356869291333494
2496,2017-07-28 00:00:00,3.31841285,0.08039260000000001,0.025609937418687695,-0.21745656722991744,0.24306650464860513
2497,2017-07-28 02:00:00,3.2285424000000003,0.07967640000000001,-0.004019117913801325,-0.22501217541282456,0.22099305749902323
2498,2017-07-28 04:00:00,3.0924844499884987,0.0789759299997063,-0.04887555881640961,-0.23240183872768083,0.1835262799112712
2499,2017-07-28 06:00:00,3.1214191663245603,0.08063615964672,-0.03933617950595724,-0.21488711559659782,0.17555093609064057
2500,2017-07-28 08:00:00,3.1526408391309637,0.07843835482541099,-0.029042821999081543,-0.23807303027450208,0.20903020827542054
2501,2017-07-28 10:00:00,3.1294679779447114,0.07358259999870001,-0.036682596655818626,-0.2892991974106208,0.2526166007548022
2502,2017-07-28 12:00:00,3.0292510499890444,0.07421259999973161,-0.06972274393059616,-0.28265296289089753,0.21293021896030137
2503,2017-07-28 14:00:00,3.1029612755209706,0.07800072719801339,-0.04542149306498138,-0.24268981732090192,0.19726832425592053
2504,2017-07-28 16:00:00,3.0439500584965247,0.0745268520213392,-0.06487668233414415,-0.2793377364933083,0.21446105415916414
2505,2017-07-28 18:00:00,3.000006945,0.08100027,-0.07936412443853305,-0.2110459048108905,0.13168178037235745
2506,2017-07-28 20:00:00,3.05025149,0.07925984,-0.06279918675366848,-0.22940670786838427,0.16660752111471577
2507,2017-07-28 22:00:00,3.0235584260856743,0.0775056777365556,-0.07159952399145046,-0.24791238051824094,0.17631285652679046
2508,2017-07-29 00:00:00,2.9819296000000004,0.07568,-0.08532397726300964,-0.2671725112717607,0.1818485340087511
2509,2017-07-29 02:00:00,2.9438624999565,0.07796159999884801,-0.09787417828610757,-0.24310259278332605,0.14522841449721846
2510,2017-07-29 04:00:00,2.8812672700947433,0.07619808000250561,-0.11851096745455908,-0.261706985571772,0.14319601811721294
2511,2017-07-29 06:00:00,2.925489208516189,0.07689647658887999,-0.10393160059482999,-0.2543391958999978,0.15040759530516784
2512,2017-07-29 08:00:00,2.8753179,0.0750477,-0.12047239321497975,-0.27384300981134774,0.15337061659636797
2513,2017-07-29 10:00:00,2.82530406672203,0.07392234660465201,-0.13696126840791423,-0.2857150138919866,0.14875374548407239
2514,2017-07-29 12:00:00,2.871151609232169,0.07354441870984521,-0.12184596216552257,-0.2897019939178887,0.16785603175236613
2515,2017-07-29 14:00:00,2.9628978989999997,0.07190778000000002,-0.09159846817743601,-0.306967842603408,0.21536937442597198
2516,2017-07-29 16:00:00,2.9304817730215786,0.0737149540005428,-0.10228562052038716,-0.28790291846708005,0.1856172979466929
2517,2017-07-29 18:00:00,2.996487953232743,0.0744460566107622,-0.08052428778239779,-0.2801900940265349,0.1996658062441371
2518,2017-07-29 20:00:00,2.9672600793453565,0.0748857653542494,-0.09016031711862998,-0.2755513520824024,0.1853910349637724
2519,2017-07-29 22:00:00,3.0240989900333664,0.0779537300008601,-0.07142130746847859,-0.24318561794556692,0.17176431047708834
2520,2017-07-30 00:00:00,3.028988835596852,0.0757770230661143,-0.06980919242100918,-0.2661489588111856,0.19633976639017642
2521,2017-07-30 02:00:00,3.0853029409192736,0.0761173140559024,-0.05124320390534421,-0.2625590322724917,0.21131582836714752
2522,2017-07-30 04:00:00,3.0414627611264726,0.0756429008842503,-0.06569671017873184,-0.2675638913088133,0.20186718113008145
2523,2017-07-30 06:00:00,2.9512388319548406,0.0765092007497168,-0.0954423027482679,-0.2584247927995002,0.1629824900512323
2524,2017-07-30 08:00:00,2.9011238042146164,0.07860057190372241,-0.11196454036813437,-0.2363617084589519,0.12439716809081754
2525,2017-07-30 10:00:00,2.9520050137330003,0.078196172467,-0.09518970311958196,-0.2406279520965711,0.14543824897698915
2526,2017-07-30 12:00:00,2.9579150698782746,0.07799813999679019,-0.09324123862934686,-0.2427171112035225,0.14947587257417563
2527,2017-07-30 14:00:00,2.9809858999782013,0.07647059999944081,-0.08563510222302884,-0.25883201444799453,0.1731969122249657
2528,2017-07-30 16:00:00,2.972874579216761,0.0772560158753322,-0.08830929348011377,-0.2505462079430096,0.16223691446289581
2529,2017-07-30 18:00:00,2.9656421976802503,0.07461762737964997,-0.09069371052410255,-0.2783800947171854,0.18768638419308284
2530,2017-07-30 20:00:00,3.0007135599890127,0.0729450099997329,-0.07913116316362875,-0.2960255032100283,0.21689434004639954
2531,2017-07-30 22:00:00,3.01329615,0.0702015,-0.07498285573152436,-0.3249683775522084,0.24998552182068406
2532,2017-07-31 00:00:00,2.8805622669999997,0.07089982,-0.11874339731002027,-0.31760139583440933,0.19885799852438907
2533,2017-07-31 02:00:00,2.9023945966892963,0.071855544999735,-0.11154557751050538,-0.3075188998436154,0.19597332233311004
2534,2017-07-31 04:00:00,2.848334271557289,0.0726415700617178,-0.1293685255944261,-0.29922666668208603,0.16985814108765993
2535,2017-07-31 06:00:00,2.8552722900000003,0.07307506,-0.12708115602704417,-0.29465353051217136,0.16757237448512718
2536,2017-07-31 08:00:00,2.8362800000000004,0.07278720000000001,-0.13334265367505502,-0.297690332203782,0.16434767852872698
2537,2017-07-31 10:00:00,2.803574309166206,0.07353099761764849,-0.14412527158118285,-0.2898435807847208,0.14571830920353793
2538,2017-07-31 12:00:00,2.711024628009725,0.07378777200026469,-0.17463763269642815,-0.2871347192565779,0.11249708656014976
2539,2017-07-31 14:00:00,2.68665983091976,0.0676678937542188,-0.1826703722803899,-0.3516968557466918,0.1690264834663019
2540,2017-07-31 16:00:00,2.7203133999999998,0.06811,-0.17157525191085604,-0.34703282116369993,0.1754575692528439
2541,2017-07-31 18:00:00,2.9245183999999997,0.0712556,-0.1042516628538197,-0.31384806676527405,0.20959640391145434
2542,2017-07-31 20:00:00,2.8180522800099017,0.0715769000002515,-0.139352083072279,-0.3104584871631122,0.1711064040908332
2543,2017-07-31 22:00:00,2.7910479999999995,0.0716034,-0.14825502399031626,-0.3101789233332508,0.16192389934293455
2544,2017-08-01 00:00:00,2.8065888839849986,0.072834610416765,-0.14313140759018328,-0.29719017228635025,0.15405876469616697
2545,2017-08-01 02:00:00,2.80086147124,0.07177580157999999,-0.14501965705520278,-0.30836015931678323,0.16334050226158045
2546,2017-08-01 04:00:00,2.8609076800394337,0.0735947200010144,-0.12522324518651168,-0.2891713364937492,0.16394809130723753
2547,2017-08-01 06:00:00,2.86695,0.0705242,-0.12323117512957724,-0.32156402854268024,0.198332853413103
2548,2017-08-01 08:00:00,2.838445159806121,0.068560155100467,-0.132628830169117,-0.3422838745556774,0.20965504438656038
2549,2017-08-01 10:00:00,2.8466981010000003,0.070897164,-0.1299079485969291,-0.31762941551513235,0.18772146691820324
2550,2017-08-01 12:00:00,2.9656439799780405,0.07489872999944541,-0.0906931229249546,-0.27541458053907447,0.18472145761411987
2551,2017-08-01 14:00:00,3.0193899999890212,0.0784849999997146,-0.07297379693063263,-0.2375809433425536,0.16460714641192098
2552,2017-08-01 16:00:00,3.1853264995098596,0.0778453399880216,-0.018266807859336483,-0.24432908690388588,0.2260622790445494
2553,2017-08-01 18:00:00,3.2161942769884346,0.08042362799971081,-0.008090124790500615,-0.21712923490861866,0.20903911011811804
2554,2017-08-01 20:00:00,3.3056787487337203,0.07926760966006301,0.021411678802778635,-0.22932474122896723,0.25073642003174584
2555,2017-08-01 22:00:00,3.2930011684920113,0.0788927958048021,0.017232054393824806,-0.23327886944996173,0.25051092384378654
2556,2017-08-02 00:00:00,3.272510325,0.078566355,0.010476504203142757,-0.23672268237372257,0.24719918657686532
2557,2017-08-02 02:00:00,3.3489763055558126,0.0786373169508868,0.03568628972153296,-0.23597406369626472,0.2716603534177977
2558,2017-08-02 04:00:00,3.3996959020946647,0.08028396307413199,0.052407845386283375,-0.21860264101664498,0.27101048640292835
2559,2017-08-02 06:00:00,3.3253359987774496,0.07773759997141999,0.027892404661280838,-0.24546569867582335,0.2733581033371042
2560,2017-08-02 08:00:00,3.3853276292692,0.0793094900244115,0.04767082281014194,-0.2288829210340851,0.27655374384422704
2561,2017-08-02 10:00:00,3.35407956,0.08091616,0.03736876275135093,-0.21193322986571358,0.2493019926170645
2562,2017-08-02 12:00:00,3.221799661092018,0.0755683128202819,-0.0062421064956670776,-0.26835076395118534,0.26210865745551826
2563,2017-08-02 14:00:00,3.2749547999878836,0.08052236999970211,0.011282414095380914,-0.2160875484200249,0.2273699625154058
2564,2017-08-02 16:00:00,3.2593228800120446,0.0796917000002945,0.006128784377078898,-0.2248507668573602,0.23097955123443908
2565,2017-08-02 18:00:00,3.2592158444399995,0.08055764976999999,0.006093496216324492,-0.2157153617107904,0.22180885792711488
2566,2017-08-02 20:00:00,3.3072231500000004,0.08023015,0.02192084672809983,-0.21917034627112564,0.24109119299922546
2567,2017-08-02 22:00:00,3.31353531,0.07827100000000001,0.024001879346802694,-0.23983855315683136,0.26384043250363404
2568,2017-08-03 00:00:00,3.3391926230817544,0.07898581827319699,0.03246074373417698,-0.2322975216094163,0.26475826534359326
2569,2017-08-03 02:00:00,3.39056757,0.07886368499999999,0.04939835943482596,-0.23358597617290763,0.2829843356077336
2570,2017-08-03 04:00:00,3.4316607999243014,0.0781727999982756,0.06294623399445956,-0.24087452179211538,0.30382075578657497
2571,2017-08-03 06:00:00,3.3458487539766937,0.07700329099909779,0.03465517884145026,-0.25321234888534544,0.2878675277267957
2572,2017-08-03 08:00:00,3.40857072,0.07978338,0.05533375118494078,-0.22388358149575202,0.2792173326806928
2573,2017-08-03 10:00:00,3.3985864,0.0773776,0.05204205775581832,-0.2492635466650822,0.3013056044209005
2574,2017-08-03 12:00:00,3.4417394240125496,0.0787891520002873,0.06626901818866425,-0.2343722679105868,0.30064128609925106
2575,2017-08-03 14:00:00,3.5462914717848752,0.07897238552372401,0.10073839503690835,-0.23243923145560028,0.3331776264925086
2576,2017-08-03 16:00:00,3.7936801800274997,0.076010450000551,0.18229906069679674,-0.2636864030223824,0.44598546371917913
2577,2017-08-03 18:00:00,3.8182394771164407,0.0775754365059828,0.19039592426402346,-0.24717645489814374,0.4375723791621672
2578,2017-08-03 20:00:00,3.67986918,0.0786509217,0.14477713422084487,-0.23583053932635953,0.3806076735472044
2579,2017-08-03 22:00:00,3.769607887432562,0.0780053798986045,0.1743627558349063,-0.2426407332903814,0.41700348912528773
2580,2017-08-04 00:00:00,3.7354876800134176,0.0774230400002781,0.16311379120217298,-0.2487841738112251,0.4118979650133981
2581,2017-08-04 02:00:00,3.6693955213180303,0.07803552002802999,0.14132411253661292,-0.24232276762643118,0.3836468801630441
2582,2017-08-04 04:00:00,3.72903105472,0.07761617695999999,0.16098513035670245,-0.24674666027688197,0.40773179063358445
2583,2017-08-04 06:00:00,3.780887760026929,0.0789328800005622,0.17808157519368248,-0.23285599807675558,0.41093757327043806
2584,2017-08-04 08:00:00,3.9277357400782393,0.07858384107987201,0.22649534108007263,-0.23653821159996116,0.46303355268003377
2585,2017-08-04 10:00:00,3.932327290041553,0.07750470000081901,0.2280091121574947,-0.24792269521822996,0.47593180737572466
2586,2017-08-04 12:00:00,3.8655564229592003,0.07719686799918521,0.20599567264115426,-0.25117019311058547,0.45716586575173973
2587,2017-08-04 14:00:00,3.9110064,0.07608369999999999,0.22097990699852332,-0.26291364639681025,0.4838935533953336
2588,2017-08-04 16:00:00,4.045221866774171,0.07706761200027001,0.26522890643635594,-0.2525337894287836,0.5177626958651396
2589,2017-08-04 18:00:00,3.9817612016933945,0.07468723042191901,0.2443067951404306,-0.27764581195298105,0.5219526070934116
2590,2017-08-04 20:00:00,4.010072543504135,0.0760032567902679,0.2536406564157157,-0.2637622883595457,0.5174029447752614
2591,2017-08-04 22:00:00,4.03999340888335,0.07607017566014501,0.26350515554659487,-0.2630563224829268,0.5265614780295217
2592,2017-08-05 00:00:00,4.138559999913602,0.0756436799984208,0.2960012093615044,-0.26755567198264457,0.5635568813441489
2593,2017-08-05 02:00:00,3.8299932,0.0759831,0.1942709655671406,-0.26397493400250754,0.4582458995696481
2594,2017-08-05 04:00:00,4.4783689,0.0754175,0.40803154528540564,-0.26994177565044425,0.6779733209358498
2595,2017-08-05 06:00:00,4.231651652,0.07467106400000001,0.326692250862473,-0.2778163608914612,0.6045086117539342
2596,2017-08-05 08:00:00,4.025939500025242,0.0741037000004646,0.25887177446088033,-0.28380181199112153,0.5426735864520018
2597,2017-08-05 10:00:00,3.959575547342829,0.0769470385891557,0.23699248904381726,-0.25380578810465104,0.4907982771484683
2598,2017-08-05 12:00:00,3.98077225,0.07644000000000001,0.24398075132464075,-0.25915483154681035,0.5031355828714511
2599,2017-08-05 14:00:00,4.005900092782358,0.07816562391033449,0.25226505661280374,-0.2409502264957863,0.49321528310859003
2600,2017-08-05 16:00:00,4.046721299987719,0.0791788499997597,0.26572324901115746,-0.23026111824055578,0.49598436725171324
2601,2017-08-05 18:00:00,4.137138255,0.08138826,0.29553247955416745,-0.20695277381551744,0.5024852533696849
2602,2017-08-05 20:00:00,4.410578689959149,0.0811045599992488,0.3856820423698037,-0.2099456892681376,0.5956277316379412
2603,2017-08-05 22:00:00,4.437780197162743,0.0793617983055015,0.39465000638981695,-0.2283310907120558,0.6229810971018728
2604,2017-08-06 00:00:00,4.3682751,0.0815052,0.37173512869948666,-0.20571910609573368,0.5774542347952203
2605,2017-08-06 02:00:00,4.048733107469799,0.080078045320665,0.26638651435816374,-0.2207749865389866,0.4871615008971504
2606,2017-08-06 04:00:00,4.031162251655382,0.078818026945443,0.26059364407472196,-0.23406764940751584,0.4946612934822378
2607,2017-08-06 06:00:00,3.9918041905064783,0.07633392764531301,0.24761783087293698,-0.2602738501883257,0.5078916810612627
2608,2017-08-06 08:00:00,4.104784233358458,0.0765257899199506,0.28486580215969814,-0.25824978404445115,0.5431155862041492
2609,2017-08-06 10:00:00,3.83790708,0.07381080000000001,0.19688006331189067,-0.2868917835637042,0.4837718468755949
2610,2017-08-06 12:00:00,3.9000163505832,0.0737953711110352,0.21735663836820981,-0.28705455184032486,0.5044111902085346
2611,2017-08-06 14:00:00,4.102838439987392,0.077119799999763,0.2842243007601065,-0.25198322802691436,0.5362075287870209
2612,2017-08-06 16:00:00,4.2623720999740025,0.07338401999955241,0.33682036141338906,-0.2913941327171292,0.6282144941305183
2613,2017-08-06 18:00:00,4.118407925521119,0.0756848461449576,0.289357346698757,-0.26712138648469397,0.556478733183451
2614,2017-08-06 20:00:00,4.141502610038101,0.0752638800006924,0.2969713475793584,-0.27156240190543823,0.5685337494847966
2615,2017-08-06 22:00:00,4.1298909999104705,0.07316913999841379,0.2931431589036496,-0.293661026175585,0.5868041850792346
2616,2017-08-07 00:00:00,3.866848,0.07254400000000001,0.20642148788529766,-0.3002559897157661,0.5066774776010637
2617,2017-08-07 02:00:00,3.9842001443633466,0.0738285871993208,0.2451108811032891,-0.2867041361066543,0.5318150172099434
2618,2017-08-07 04:00:00,3.7428772489438997,0.07166360049539999,0.16555003077507482,-0.30954383347614484,0.4750938642512197
2619,2017-08-07 06:00:00,3.7959666,0.07467688,0.1830528620172365,-0.27775500454240826,0.4608078665596448
2620,2017-08-07 08:00:00,3.7226817452837615,0.0735417435274138,0.1588918500781525,-0.28973021596517934,0.4486220660433319
2621,2017-08-07 10:00:00,3.8500395844405504,0.0725280598740471,0.20087998370163768,-0.30042415132716843,0.5013041350288061
2622,2017-08-07 12:00:00,3.858800790369398,0.0733300213746762,0.20376843318915172,-0.2919637954537676,0.4957322286429193
2623,2017-08-07 14:00:00,3.7966915200112097,0.07112700000021001,0.18329185820701593,-0.3152047425691489,0.4984966007761648
2624,2017-08-07 16:00:00,3.7995799589402734,0.070636607811274,0.1842441369243668,-0.32037817350402553,0.5046223104283923
2625,2017-08-07 18:00:00,3.8610137159885514,0.07149275999978799,0.20449800442882593,-0.31134612871018275,0.5158441331390087
2626,2017-08-07 20:00:00,3.7653161,0.07101003,0.17294781235443357,-0.3164387267785057,0.4893865391329393
2627,2017-08-07 22:00:00,3.8725146899886074,0.0785508899997689,0.20828971788998227,-0.23688583160898474,0.445175549498967
2628,2017-08-08 00:00:00,3.903092565566087,0.07733285798051201,0.2183708242762873,-0.24973555611574302,0.46810638039203034
2629,2017-08-08 02:00:00,4.018814748736967,0.0755479881917233,0.2565228416342337,-0.26856518021738457,0.5250880218516183
2630,2017-08-08 04:00:00,3.8789371936698283,0.07414736843419201,0.21040712930768418,-0.2833411284178102,0.49374825772549435
2631,2017-08-08 06:00:00,3.9183806985830794,0.0722753881230096,0.22341111214722734,-0.30308973182106463,0.526500843968292
2632,2017-08-08 08:00:00,3.8823074999887504,0.0775771311997752,0.21151827309755927,-0.2471585765928024,0.4586768496903617
2633,2017-08-08 10:00:00,3.7259999999568,0.076934999999108,0.1599858331539549,-0.2539327901564175,0.41391862331037244
2634,2017-08-08 12:00:00,3.643000770021626,0.076139400000452,0.13262212487939684,-0.2623260348648316,0.3949481597442284
2635,2017-08-08 14:00:00,3.9537683000116393,0.0895109500002635,0.23507791921018154,-0.12126181733239998,0.3563397365425815
2636,2017-08-08 16:00:00,4.024865900739658,0.0942438782183678,0.25851782349437824,-0.07133141915616312,0.3298492426505414
2637,2017-08-08 18:00:00,3.9535552000230516,0.098612500000575,0.2350076630653284,-0.02524430035461181,0.26025196341994017
2638,2017-08-08 20:00:00,3.977486750023226,0.0935710000005464,0.24289756702316323,-0.07843000079351489,0.32132756781667815
2639,2017-08-08 22:00:00,4.1116193999999995,0.10236411,0.2871192628982279,0.014333604156323171,0.27278565874190475
2640,2017-08-09 00:00:00,4.069562834541308,0.0985605684506431,0.27325378981925696,-0.02579215632168329,0.29904594614094027
2641,2017-08-09 02:00:00,4.077866883601887,0.0999846798518319,0.27599152095445867,-0.010768381180391055,0.2867599021348497
2642,2017-08-09 04:00:00,4.071931529987949,0.09900469999970699,0.27403471623560766,-0.021106755642551264,0.2951414718781589
2643,2017-08-09 06:00:00,4.054176795434492,0.1004755556871801,0.2681812236526948,-0.005589847979681488,0.2737710716323763
2644,2017-08-09 08:00:00,3.9189193401870046,0.0971699400046368,0.22358869489981267,-0.04046270039600409,0.2640513952958168
2645,2017-08-09 10:00:00,3.86442500002335,0.09251450000055897,0.20562265800986268,-0.08957563056892175,0.29519828857878444
2646,2017-08-09 12:00:00,3.8620424817305583,0.0972886202955042,0.2048371743906331,-0.039210673340953135,0.24404784773158622
2647,2017-08-09 14:00:00,3.8555025241235072,0.0973560392005936,0.20268104002375892,-0.038499432303566714,0.24118047232732565
2648,2017-08-09 16:00:00,3.9393899999881694,0.0970694999997085,0.23033759080432045,-0.041522300121119286,0.2718598909254397
2649,2017-08-09 18:00:00,3.939017143946818,0.09583327297437692,0.23021466527896411,-0.054563974274325355,0.28477863955328947
2650,2017-08-09 20:00:00,3.826202500057107,0.09175650000136948,0.19302122376261155,-0.0975722111281506,0.29059343489076217
2651,2017-08-09 22:00:00,3.8513915051544614,0.0949285464532431,0.20132569342755546,-0.06410845780737733,0.2654341512349328
2652,2017-08-10 00:00:00,3.8341975499885783,0.09063899999972999,0.19565708212101046,-0.1093613652146991,0.30501844733570954
2653,2017-08-10 02:00:00,3.8569599543365194,0.09206073803190101,0.20316153478510235,-0.09436262811637232,0.29752416290147465
2654,2017-08-10 04:00:00,3.89671012601696,0.09237253333,0.2162666214536983,-0.09107331911649977,0.3073399405701981
2655,2017-08-10 06:00:00,3.89977467003442,0.09279270000081903,0.21727695960447158,-0.08664073780370297,0.30391769740817454
2656,2017-08-10 08:00:00,3.8577858600226,0.09217800000054,0.20343382456747577,-0.09312556376312953,0.2965593883306053
2657,2017-08-10 10:00:00,3.8533160067901404,0.0928128806931182,0.20196017523387777,-0.08642784000438386,0.28838801523826163
2658,2017-08-10 12:00:00,3.9443659374292785,0.0910439660099086,0.23197808916361015,-0.10508914446587923,0.33706723362948937
2659,2017-08-10 14:00:00,4.021271602679085,0.0942275663737344,0.25733283269797985,-0.07150350224299695,0.3288363349409768
2660,2017-08-10 16:00:00,3.8036287981332033,0.09594480000336,0.18557898370080633,-0.05338741111766537,0.2389663948184717
2661,2017-08-10 18:00:00,3.7922315823274633,0.09230417546931,0.1818214778938966,-0.09179446573978302,0.27361594363367964
2662,2017-08-10 20:00:00,3.672309889050674,0.0910810549360368,0.1422849396250465,-0.1046978719250395,0.246982811550086
2663,2017-08-10 22:00:00,3.64131325539384,0.1187355054010224,0.13206577444072598,0.18704492649306276,-0.05497915205233678
2664,2017-08-11 00:00:00,3.626373515241868,0.10215808124220001,0.1271403469212711,0.012160087585047318,0.11498025933622379
2665,2017-08-11 02:00:00,3.5910000000105,0.1020186000002983,0.11547818388442362,0.010688619262407606,0.10478956462201601
2666,2017-08-11 04:00:00,3.5156080000101,0.10104762400029033,0.0906224750319715,0.00044523164572692476,0.09017724338624458
2667,2017-08-11 06:00:00,3.56844771879433,0.0963510578925524,0.10804300593630227,-0.04910156158966674,0.157144567525969
2668,2017-08-11 08:00:00,3.491,0.10287977,0.08250955477930616,0.019773599849701968,0.0627359549296042
2669,2017-08-11 10:00:00,3.487787999979984,0.1023195999994128,0.08145060240596197,0.01386404240728965,0.06758655999867232
2670,2017-08-11 12:00:00,3.286347448271586,0.107722339997976,0.015038414052890976,0.07086067259894516,-0.05582225854605418
2671,2017-08-11 14:00:00,3.4387115489902995,0.1011417029997147,0.06527076930291693,0.0014377254433958926,0.06383304385952104
2672,2017-08-11 16:00:00,3.475678198026521,0.0996509999434185,0.07745816671497957,-0.014288563596587662,0.09174673031156723
2673,2017-08-11 18:00:00,3.5848213309594916,0.097878234998894,0.11344116140157794,-0.03299048669239913,0.14643164809397707
2674,2017-08-11 20:00:00,3.6257610228237684,0.0988916151703572,0.12693841656767213,-0.022299752936600234,0.14923816950427238
2675,2017-08-11 22:00:00,3.5405084756815537,0.0956579256164746,0.09883182050064104,-0.05641381500626888,0.15524563550690992
2676,2017-08-12 00:00:00,3.49332776,0.09335608,0.08327698534008286,-0.08069731622886649,0.16397430156894935
2677,2017-08-12 02:00:00,3.6120040999999996,0.09635285,0.12240294770610276,-0.04908265561131462,0.17148560331741738
2678,2017-08-12 04:00:00,3.4450503282,0.09742407480000001,0.0673605779101359,-0.03778168540101988,0.10514226331115578
2679,2017-08-12 06:00:00,3.435889209872641,0.0997258573492059,0.06434028278722516,-0.013498849511529734,0.07783913229875489
2680,2017-08-12 08:00:00,3.250373412,0.092614368,0.0031782674616165968,-0.0885220652606458,0.09170033272226238
2681,2017-08-12 10:00:00,3.2393250000172764,0.0932625000004974,-0.00046424250659046914,-0.08168454578764643,0.08122030328105596
2682,2017-08-12 12:00:00,3.3145473262213527,0.0914119790629836,0.024335527221269138,-0.10120676184198922,0.12554228906325837
2683,2017-08-12 14:00:00,3.3702129200087265,0.09539140000024698,0.04268771037426279,-0.059225547939700494,0.10191325831396328
2684,2017-08-12 16:00:00,3.309853408714122,0.0937955606014056,0.02278800696797256,-0.07606098108755235,0.09884898805552492
2685,2017-08-12 18:00:00,3.363881730008663,0.08903719000022929,0.04060040382542071,-0.12625978568340887,0.16686018950882958
2686,2017-08-12 20:00:00,3.294577800103848,0.08881731000279959,0.017751848222230682,-0.12857942699566444,0.14633127521789513
2687,2017-08-12 22:00:00,3.216981910016653,0.08947866000046319,-0.007830452978745229,-0.12160246322281792,0.1137720102440727
2688,2017-08-13 00:00:00,3.3304944185147853,0.0904573843611825,0.02959306493198968,-0.11127733366590449,0.14087039859789416
2689,2017-08-13 02:00:00,3.383174620074868,0.08609839000190529,0.04696100519433799,-0.15726288721268036,0.20422389240701835
2690,2017-08-13 04:00:00,3.2426388800000003,0.08963712,0.0006282982937877979,-0.11993077700505221,0.12055907529884001
2691,2017-08-13 06:00:00,3.2264290326506746,0.08959880904991901,-0.004715866156755997,-0.12033494138361524,0.11561907522685924
2692,2017-08-13 08:00:00,3.1625153497658696,0.0880782910797084,-0.02578733121225587,-0.1363757652009577,0.11058843398870183
2693,2017-08-13 10:00:00,3.202840380023772,0.0897728200006663,-0.012492721551397471,-0.11849919918397595,0.10600647763257848
2694,2017-08-13 12:00:00,3.0356718000000003,0.0890967,-0.06760591067393959,-0.125631980264207,0.058026069590267404
2695,2017-08-13 14:00:00,3.073216699969036,0.0886897999991064,-0.05522787185656049,-0.1299246038000582,0.07469673194349773
2696,2017-08-13 16:00:00,3.17807561005542,0.093424687676772,-0.020657326710141692,-0.07997353415119424,0.059316207441052544
2697,2017-08-13 18:00:00,3.17560425,0.095473,-0.0214721002405796,-0.05836470232973244,0.03689260208915284
2698,2017-08-13 20:00:00,3.3143451,0.08943359999999999,0.024268856008405115,-0.12207782723876535,0.14634668324717048
2699,2017-08-13 22:00:00,3.2714620351055035,0.0900287163222128,0.010130897395916117,-0.11579960083009073,0.12593049822600685
2700,2017-08-14 00:00:00,3.0525000000375004,0.091575000001125,-0.06205788381909145,-0.09948695964399083,0.037429075824899384
2701,2017-08-14 02:00:00,3.0109793088583348,0.08991866430241749,-0.07574668649439452,-0.11696060326141014,0.04121391676701562
2702,2017-08-14 04:00:00,2.9801399239926183,0.0878090999997825,-0.08591400890800477,-0.1392156176531411,0.05330160874513634
2703,2017-08-14 06:00:00,3.0095760903092,0.08815966894762299,-0.07620930841334435,-0.13551726298827543,0.059307954574931085
2704,2017-08-14 08:00:00,2.996771799992848,0.0915514999997815,-0.08043070739684179,-0.09973487475492257,0.019304167358080784
2705,2017-08-14 10:00:00,2.9624322000000007,0.08702694,-0.09175200275347578,-0.14746707603725068,0.055715073283774896
2706,2017-08-14 12:00:00,2.8776470072347307,0.0909070314504236,-0.11970451848938163,-0.10653374636223177,-0.013170772127149857
2707,2017-08-14 14:00:00,2.5692060891,0.08827413209999999,-0.22139326078696292,-0.13430972496713472,-0.0870835358198282
2708,2017-08-14 16:00:00,2.5237542600118097,0.0867194600004058,-0.23637810573896698,-0.15071086045642715,-0.08566724528253983
2709,2017-08-14 18:00:00,2.656543759981097,0.0825492799994126,-0.19259922800814927,-0.1947045020924225,0.0021052740842732176
2710,2017-08-14 20:00:00,2.5773202002952744,0.08596770000984899,-0.218718149562097,-0.15864161155421158,-0.06007653800788543
2711,2017-08-14 22:00:00,2.734421630412686,0.07888998240036599,-0.16692396175329058,-0.23330854968115322,0.06638458792786264
2712,2017-08-15 00:00:00,2.722675305725234,0.08078727823566749,-0.17079656397257273,-0.21329287816677228,0.04249631419419955
2713,2017-08-15 02:00:00,3.149560318147648,0.0805212886606728,-0.03005842753646961,-0.21609895609109206,0.18604052855462244
2714,2017-08-15 04:00:00,3.848705745280968,0.08042501574394331,0.20044023521630228,-0.21711459479178138,0.4175548300080837
2715,2017-08-15 06:00:00,3.7479029,0.0794575,0.16720691903170404,-0.22732147816518203,0.39452839719688604
2716,2017-08-15 08:00:00,2.9963150000725496,0.078098300001891,-0.08058130806830156,-0.24166046535859131,0.16107915729028977
2717,2017-08-15 10:00:00,2.910826230698645,0.0785936167594234,-0.10876578336675406,-0.2364350823003075,0.12766929893355344
2718,2017-08-15 12:00:00,2.8401518,0.07999983999999999,-0.13206617429349718,-0.2216000197151433,0.08953384542164611
2719,2017-08-15 14:00:00,3.0405396000076204,0.0827526000002074,-0.06600106374401694,-0.19255956176604175,0.1265584980220248
2720,2017-08-15 16:00:00,3.1583586,0.084968,-0.027157754625249313,-0.16918802536999955,0.14203027074475025
2721,2017-08-15 18:00:00,3.0365684999850044,0.08557649999957741,-0.06731028098172896,-0.16276860680520477,0.09545832582347581
2722,2017-08-15 20:00:00,3.24866672,0.08377993,0.0026155945062289795,-0.1817216632000281,0.18433725770625708
2723,2017-08-15 22:00:00,3.53523843,0.08642367,0.09709435868640183,-0.1538313203105017,0.25092567899690355
2724,2017-08-16 00:00:00,3.798210957516828,0.0883005726508528,0.18379279592267475,-0.13403078829807014,0.31782358422074486
2725,2017-08-16 02:00:00,3.718294029352785,0.0870866499848415,0.15744528028683458,-0.14683716085982854,0.30428244114666314
2726,2017-08-16 04:00:00,3.7440261464381943,0.0845745242106369,0.16592880652872702,-0.17333902913136193,0.33926783566008895
2727,2017-08-16 06:00:00,4.0590333678500015,0.08592973639738449,0.2697823689994176,-0.15904211166729376,0.42882448066671136
2728,2017-08-16 08:00:00,3.8218613833,0.0861949783,0.19159001708009105,-0.1562439213714943,0.34783393845158533
2729,2017-08-16 10:00:00,3.682299533755202,0.0832925436143272,0.14557838853625557,-0.18686338417716714,0.3324417727134227
2730,2017-08-16 12:00:00,3.9283574399809487,0.0812015599996062,0.22670030701512223,-0.20892238014157752,0.4356226871566997
2731,2017-08-16 14:00:00,3.6715119999231542,0.0817429999982891,0.14202188651795217,-0.20321041632616035,0.34523230284411255
2732,2017-08-16 16:00:00,3.43636032,0.08185791999999999,0.06449560133777446,-0.20199805873707005,0.26649366007484454
2733,2017-08-16 18:00:00,3.6781108999999996,0.08331229999999999,0.1441974534090762,-0.18665496263394732,0.3308524160430235
2734,2017-08-16 20:00:00,3.753374484792004,0.08285011699540881,0.16901082552776234,-0.19153079856174643,0.36054162408950874
2735,2017-08-16 22:00:00,3.7015068999915512,0.0835456699998093,0.15191079387091427,-0.18419300748147008,0.3361038013523844
2736,2017-08-17 00:00:00,3.4546829999920585,0.0826934999998099,0.07053633774583956,-0.1931830418646359,0.2637193796104754
2737,2017-08-17 02:00:00,3.2352283201438885,0.08180880000363851,-0.0018148616995299139,-0.20251625399880302,0.2007013922992731
2738,2017-08-17 04:00:00,3.2663023076,0.0843385024,0.00842980597197061,-0.1758289597705586,0.1842587657425292
2739,2017-08-17 06:00:00,3.4569169116461573,0.08452567467537539,0.07127282779353807,-0.1738543711424664,0.2451271989360045
2740,2017-08-17 08:00:00,3.4988125009434987,0.08223600002217599,0.08508522923893158,-0.19800947383153153,0.28309470307046314
2741,2017-08-17 10:00:00,3.27964,0.0821678,0.012827060310046332,-0.19872895532500728,0.2115560156350536
2742,2017-08-17 12:00:00,3.332175945,0.08240187,0.030147441162146186,-0.1962596154655084,0.2264070566276546
2743,2017-08-17 14:00:00,3.207122399903845,0.07947887999761709,-0.011080998299077022,-0.2270959282001636,0.2160149299010866
2744,2017-08-17 16:00:00,3.166407835069324,0.08078921735781157,-0.024504032169723553,-0.2132724212453265,0.18876838907560295
2745,2017-08-17 18:00:00,3.18569967,0.08078814,-0.01814377866452526,-0.21328378691622438,0.1951400082516991
2746,2017-08-17 20:00:00,3.301092887632128,0.0782973653002704,0.019899783265077558,-0.23956041034969958,0.2594601936147771
2747,2017-08-17 22:00:00,3.18038964,0.07825032,-0.019894422760411905,-0.2400567184419788,0.2201622956815669
2748,2017-08-18 00:00:00,3.087475649883464,0.0771074099970896,-0.050526891545481886,-0.2521139373337915,0.2015870457883096
2749,2017-08-18 02:00:00,3.1037332500000003,0.07751867100000001,-0.04516698366223062,-0.24777530706445255,0.20260832340222193
2750,2017-08-18 04:00:00,3.0933124570080004,0.07617281925382201,-0.04860257625321442,-0.26197347582513725,0.21337089957192282
2751,2017-08-18 06:00:00,3.10859986800726,0.0763019967601782,-0.04356252642162272,-0.26061070757035876,0.21704818114873603
2752,2017-08-18 08:00:00,3.122522189992716,0.0740793599998272,-0.038972527723899565,-0.28405858874061585,0.2450860610167163
2753,2017-08-18 10:00:00,3.0932940499354817,0.0742611499984511,-0.048608644812681574,-0.28214078086408223,0.23353213605140066
2754,2017-08-18 12:00:00,3.0304048060000004,0.0754078468,-0.06934236639060602,-0.27004361284244544,0.2007012464518394
2755,2017-08-18 14:00:00,2.9942243000000004,0.07417002,-0.08127058322084836,-0.283102163944235,0.20183158072338664
2756,2017-08-18 16:00:00,2.9633034981,0.0731963397,-0.0914647477145172,-0.2933740807862002,0.20190933307168302
2757,2017-08-18 18:00:00,2.91756182,0.07128258,-0.1065451519121796,-0.31356343913503837,0.20701828722285875
2758,2017-08-18 20:00:00,2.87994795,0.07275955,-0.11894592920325858,-0.29798202805167,0.17903609884841143
2759,2017-08-18 22:00:00,2.9397693,0.07263839999999999,-0.09922365019815518,-0.29926010949729875,0.20003645929914357
2760,2017-08-19 00:00:00,2.9218004200000003,0.07349088,-0.10514774359907672,-0.290266804744765,0.1851190611456883
2761,2017-08-19 02:00:00,3.0466982000593323,0.07230080000140801,-0.06397065773511364,-0.3028216472128964,0.23885098947778277
2762,2017-08-19 04:00:00,2.93778096750525,0.07131519824017599,-0.09987917616365695,-0.3132193304469823,0.21334015428332537
2763,2017-08-19 06:00:00,2.87723745,0.07101600000000001,-0.11983954389505899,-0.3163757457943504,0.1965362018992914
2764,2017-08-19 08:00:00,3.0633968466127888,0.0686460805518774,-0.058465342887908146,-0.34137739725353206,0.2829120543656239
2765,2017-08-19 10:00:00,2.9916114460000003,0.06742369599999999,-0.08213200536507617,-0.35427303914521624,0.2721410337801401
2766,2017-08-19 12:00:00,2.9844995462100004,0.064905070853,-0.0844767012289227,-0.3808434730608108,0.2963667718318881
2767,2017-08-19 14:00:00,2.9709899659939203,0.06823750853664001,-0.0889306246235528,-0.34568765983609906,0.2567570352125462
2768,2017-08-19 16:00:00,2.9885092,0.06649840000000001,-0.08315477334263716,-0.3640345220120287,0.2808797486693915
2769,2017-08-19 18:00:00,3.058926431085,0.0680305238273304,-0.0599391776025676,-0.34787126129294965,0.28793208369038203
2770,2017-08-19 20:00:00,3.0659394198706265,0.0685719377828198,-0.05762709134089375,-0.34215957222224896,0.2845324808813552
2771,2017-08-19 22:00:00,3.0576602760663394,0.06922239329164111,-0.06035661155452188,-0.33529754071559253,0.27494092916107066
2772,2017-08-20 00:00:00,2.9606078288739224,0.0680806670576058,-0.09235347290347026,-0.3473422713446303,0.25498879844116007
2773,2017-08-20 02:00:00,2.9395617217089343,0.07107099538369199,-0.0992920859150322,-0.31579556767225425,0.21650348175722206
2774,2017-08-20 04:00:00,2.9311930462311078,0.0737391579516948,-0.10205112349403805,-0.28764757698232335,0.1855964534882853
2775,2017-08-20 06:00:00,3.01077000000729,0.073101000000177,-0.07581569275317236,-0.29437987444179725,0.2185641816886249
2776,2017-08-20 08:00:00,3.015341764378121,0.07197760825988479,-0.07430844471435145,-0.30623118388826753,0.2319227391739161
2777,2017-08-20 10:00:00,3.0111179296197603,0.0753602192221776,-0.07570098512970223,-0.27054606371751794,0.1948450785878157
2778,2017-08-20 12:00:00,2.981627428012648,0.0742481374377594,-0.08542359922476896,-0.2822780578956973,0.19685445867092838
2779,2017-08-20 14:00:00,3.0629787815642215,0.07819047423567799,-0.05860317320317394,-0.2406880660357008,0.18208489283252688
2780,2017-08-20 16:00:00,3.0707378800074734,0.07638631000018589,-0.05604510481578588,-0.2597212384191027,0.20367613360331682
2781,2017-08-20 18:00:00,3.1037849999252103,0.07677499999814999,-0.04514992242132776,-0.2556207227401978,0.21047080031887005
2782,2017-08-20 20:00:00,3.062313217593655,0.07746781908806248,-0.05882260052006422,-0.24831177330565848,0.18948917278559427
2783,2017-08-20 22:00:00,2.984460252174868,0.0791743186190217,-0.08448965593362456,-0.23030892239775194,0.14581926646412738
2784,2017-08-21 00:00:00,3.04222878,0.08209013999999999,-0.06544416425746998,-0.19954823559795426,0.1341040713404843
2785,2017-08-21 02:00:00,2.985531413697024,0.08201295170282581,-0.08413650866430525,-0.2003625396048712,0.11622603094056594
2786,2017-08-21 04:00:00,3.0881619998691003,0.07844733599667479,-0.05030061136437814,-0.23797828270246515,0.18767767133808702
2787,2017-08-21 06:00:00,2.9953019997988237,0.0762593999948781,-0.080915280371345,-0.2610600854933785,0.1801448051220335
2788,2017-08-21 08:00:00,3.0509052799550456,0.0739475199989104,-0.06258364116828562,-0.28544944519099485,0.22286580402270922
2789,2017-08-21 10:00:00,3.450965005531323,0.081619544988411,0.06931056594205957,-0.20451281465463828,0.27382338059669786
2790,2017-08-21 12:00:00,3.0730969644445945,0.07753657571303099,-0.055267347017516545,-0.2475864198872821,0.19231907286976557
2791,2017-08-21 14:00:00,3.023812679924612,0.07765295999806401,-0.07151569998631432,-0.24635861472621357,0.17484291473989924
2792,2017-08-21 16:00:00,3.044669400007621,0.0820972500002055,-0.06463952529937651,-0.19947322809204363,0.1348337027926671
2793,2017-08-21 18:00:00,3.0742264,0.0829669,-0.05489498759831262,-0.19029878707736547,0.13540379947905284
2794,2017-08-21 20:00:00,3.033549820120798,0.0826502600032912,-0.06830549834992548,-0.19363920560594497,0.1253337072560195
2795,2017-08-21 22:00:00,3.009878400022608,0.0801196400006018,-0.07610964104519263,-0.2203361801942562,0.14422653914906355
2796,2017-08-22 00:00:00,2.8947467,0.07478525,-0.11406698420407738,-0.2766117467111019,0.16254476250702452
2797,2017-08-22 02:00:00,2.8477894577036738,0.074513358380758,-0.12954814325311897,-0.2794800887150236,0.14993194546190464
2798,2017-08-22 04:00:00,2.6951558400071987,0.07076160000018901,-0.17986935455590922,-0.3190595585844978,0.1391902040285886
2799,2017-08-22 06:00:00,2.7394416,0.07268939999999999,-0.165268946599033,-0.2987220809894403,0.13345313439040732
2800,2017-08-22 08:00:00,2.8767719399630334,0.07190567999907599,-0.11999301617257749,-0.30698999672818555,0.18699698055560807
2801,2017-08-22 10:00:00,2.90769563925098,0.07558253998053001,-0.10979789644982295,-0.26820067340609993,0.15840277695627697
2802,2017-08-22 12:00:00,2.9406,0.074568,-0.09894977979620777,-0.2789036426587933,0.17995386286258552
2803,2017-08-22 14:00:00,2.935744100430173,0.0734043000107559,-0.10055070331493283,-0.2911801871452239,0.1906294838302911
2804,2017-08-22 16:00:00,2.8814838360946946,0.0765842880025168,-0.11843956861327483,-0.2576326539253202,0.13919308531204538
2805,2017-08-22 18:00:00,2.908738364903,0.077151311293,-0.10945412409706072,-0.2516507971625811,0.14219667306552036
2806,2017-08-22 20:00:00,2.881649650042999,0.077002150001149,-0.11838490202765957,-0.25322438593287205,0.1348394839052125
2807,2017-08-22 22:00:00,2.909910085368,0.07722583440000001,-0.10906782392284656,-0.2508646097888517,0.14179678586600516
2808,2017-08-23 00:00:00,2.9419707340500985,0.07785514280132581,-0.09849786757126067,-0.2442256713545744,0.14572780378331374
2809,2017-08-23 02:00:00,2.929382610007178,0.0780695300001913,-0.10264799949782746,-0.2419639767524261,0.13931597725459863
2810,2017-08-23 04:00:00,2.940658826684424,0.077710175560237,-0.09893038544480717,-0.24575501465675828,0.1468246292119511
2811,2017-08-23 06:00:00,3.0040404480145924,0.07592448720036879,-0.07803433378984798,-0.26459327433833085,0.18655894054848288
2812,2017-08-23 08:00:00,3.1004185199633776,0.07974971999905799,-0.046259804713725955,-0.2242386803208765,0.17797887560715053
2813,2017-08-23 10:00:00,3.14332376,0.08045632999999999,-0.03211453526087678,-0.21678424258666618,0.1846697073257894
2814,2017-08-23 12:00:00,4.82383187,0.079398605,0.5219259505482702,-0.2279427955959728,0.749868746144243
2815,2017-08-23 14:00:00,4.9981190002856,0.10101240500577198,0.5793860281040493,7.368609535471368e-05,0.5793123420086945
2816,2017-08-23 16:00:00,5.928333,0.08955375,0.886064831521568,-0.12081029537172208,1.00687512689329
2817,2017-08-23 18:00:00,5.8792749656937815,0.08881827107845199,0.8698910701465877,-0.12856928805254292,0.9984603581991307
2818,2017-08-23 20:00:00,5.206878870012741,0.0863174400002112,0.6482112952674902,-0.15495200204140708,0.8031632973088974
2819,2017-08-23 22:00:00,4.881803519999999,0.08470528000000001,0.54103840882088,-0.1719596106559718,0.7129980194768517
2820,2017-08-24 00:00:00,5.1621199995536005,0.0844256399926992,0.6334549092757257,-0.17490969488863056,0.8083646041643562
2821,2017-08-24 02:00:00,4.6205362502912335,0.0877800000055328,0.4549021717065741,-0.1395226103293148,0.5944247820358889
2822,2017-08-24 04:00:00,4.828018721924823,0.08816096340606401,0.5233062982304006,-0.13550360699722627,0.658809905227627
2823,2017-08-24 06:00:00,5.145270000000001,0.08688175,0.6278996954192688,-0.14899876935207376,0.7768984647713426
2824,2017-08-24 08:00:00,5.0090874,0.091323,0.583002159124277,-0.10214545345939532,0.6851476125836723
2825,2017-08-24 10:00:00,5.281093350037857,0.0951669000006822,0.6726787919266932,-0.0615939283275451,0.7342727202542383
2826,2017-08-24 12:00:00,5.06255265,0.0936603,0.6006289190950499,-0.07748792343159748,0.6781168425266474
2827,2017-08-24 14:00:00,4.595180036,0.09068932199999999,0.4465425754626764,-0.10883048931827316,0.5553730647809496
2828,2017-08-24 16:00:00,4.925120862020576,0.0896127330544208,0.5553195426483397,-0.12018804900389933,0.6755075916522391
2829,2017-08-24 18:00:00,4.924661289953588,0.08662616299918359,0.5551680280381195,-0.1516951045026087,0.7068631325407282
2830,2017-08-24 20:00:00,4.88401254,0.08876637999999999,0.5417666924314615,-0.12911671706255656,0.670883409494018
2831,2017-08-24 22:00:00,4.66024171,0.08642000000000001,0.4679925174510648,-0.1538700372639102,0.621862554714975
2832,2017-08-25 00:00:00,4.7396764799673585,0.0868150799994021,0.4941810721393567,-0.14970210976267392,0.6438831819020306
2833,2017-08-25 02:00:00,4.60173255,0.08752365000000001,0.4487028495001705,-0.14222699485806625,0.5909298443582367
2834,2017-08-25 04:00:00,4.4843506400000015,0.08576568000000001,0.4100036429598314,-0.16077283752394897,0.5707764804837804
2835,2017-08-25 06:00:00,4.352299599889816,0.08316329999789461,0.36646822532102563,-0.1882268498653919,0.5546950751864175
2836,2017-08-25 08:00:00,4.38375912,0.08404152,0.3768399978233128,-0.17896199893785747,0.5558019967611703
2837,2017-08-25 10:00:00,4.335130051620049,0.0826684500308934,0.36080766063353625,-0.19344730848028388,0.5542549691138201
2838,2017-08-25 12:00:00,4.336290876823,0.08351053171596999,0.3611903687892157,-0.18456370156819105,0.5457540703574068
2839,2017-08-25 14:00:00,4.4003862000099785,0.0852894000001934,0.38232171816223826,-0.1657973908105921,0.5481191089728303
2840,2017-08-25 16:00:00,4.233045189620939,0.08227008135309691,0.32715168111211246,-0.19764993015268417,0.5248016112647966
2841,2017-08-25 18:00:00,4.0584045594939395,0.079249687314931,0.2695750595047473,-0.22951381441737312,0.4990888739221204
2842,2017-08-25 20:00:00,4.2592599999999985,0.08066125,0.3357943447156869,-0.2146224229429334,0.5504167676586204
2843,2017-08-25 22:00:00,4.102891520857912,0.0796851200166621,0.2842418007954323,-0.22492018291178129,0.5091619837072137
2844,2017-08-26 00:00:00,3.978477260312752,0.08038587690429869,0.2432241246867308,-0.2175274930563561,0.4607516177430869
2845,2017-08-26 02:00:00,3.872743029937,0.0805951899986889,0.2083649984406587,-0.21531932811812063,0.4236843265587793
2846,2017-08-26 04:00:00,3.946694050514212,0.0795306840863191,0.23274563613164892,-0.2265494168953536,0.4592950530270025
2847,2017-08-26 06:00:00,3.9310038292661647,0.08144302998479631,0.22757278528315106,-0.20637497355678427,0.4339477588399353
2848,2017-08-26 08:00:00,3.811522556219084,0.08063142162524999,0.18818144752632238,-0.2149370997264353,0.40311854725275764
2849,2017-08-26 10:00:00,3.971545200516264,0.08525532001108241,0.2409387196033216,-0.1661569203339102,0.4070956399372318
2850,2017-08-26 12:00:00,4.021361410253744,0.0797177700050301,0.25736244102417427,-0.22457573929367874,0.481938180317853
2851,2017-08-26 14:00:00,4.078762229943074,0.08469029999881797,0.27628670436885977,-0.172117643355652,0.44840434772451176
2852,2017-08-26 16:00:00,4.0279000000188,0.0843288000003936,0.2595181244322945,-0.17593131599767392,0.4354494404299684
2853,2017-08-26 18:00:00,3.9844409854059992,0.08388889456344409,0.24519028309336582,-0.1805721329749443,0.4257624160683101
2854,2017-08-26 20:00:00,3.9867735478291992,0.0871890041112212,0.24595929694723523,-0.1457573679600397,0.39171666490727497
2855,2017-08-26 22:00:00,3.983472765,0.08827483650000001,0.24487107409882544,-0.13430229384397888,0.3791733679428043
2856,2017-08-27 00:00:00,3.9124399999822006,0.086601199999606,0.22145254525945637,-0.1519584536283813,0.3734109988878377
2857,2017-08-27 02:00:00,3.885387660026895,0.0885002800006126,0.21253375963627263,-0.13192395991768502,0.34445771955395765
2858,2017-08-27 04:00:00,3.9435671520090985,0.0869914080002007,0.23171474056111288,-0.14784192366143187,0.37955666422254475
2859,2017-08-27 06:00:00,4.000004399972351,0.0893171999993826,0.2503213275172994,-0.12330579819262615,0.37362712570992557
2860,2017-08-27 08:00:00,3.8960480817049996,0.090016528703,0.21604835451999943,-0.11592817507674587,0.3319765295967453
2861,2017-08-27 10:00:00,4.0457743305000005,0.08738173500000003,0.2654110461530457,-0.14372413830302172,0.40913518445606745
2862,2017-08-27 12:00:00,3.96257053042194,0.08786992051107359,0.23797989390682675,-0.13857398688966777,0.37655388079649454
2863,2017-08-27 14:00:00,3.981566886405097,0.092892375436434,0.24424273205374392,-0.08558920396264282,0.3298319360163867
2864,2017-08-27 16:00:00,3.99668751,0.08889356000000001,0.24922779436460504,-0.12777502165805743,0.3770028160226625
2865,2017-08-27 18:00:00,4.096519999793201,0.08868529999552299,0.28214119764747386,-0.12997207694149618,0.41211327458897007
2866,2017-08-27 20:00:00,4.131494975126606,0.08823867363412259,0.29367196754353986,-0.1346837968394282,0.4283557643829681
2867,2017-08-27 22:00:00,4.1015228265332215,0.088162039977744,0.28379056103998973,-0.1354922496196854,0.4192828106596751
2868,2017-08-28 00:00:00,4.0747549427113094,0.08904825267766998,0.2749655567043814,-0.12614307909838268,0.40110863580276407
2869,2017-08-28 02:00:00,4.1087572,0.08602800000000001,0.2861756347960806,-0.1580054720694109,0.4441811068654915
2870,2017-08-28 04:00:00,3.992095169593319,0.0843777899914043,0.24771376268884085,-0.17541449223760547,0.42312825492644635
2871,2017-08-28 06:00:00,4.010502158930908,0.0867783235882836,0.253782294732332,-0.15008987441028804,0.40387216914262003
2872,2017-08-28 08:00:00,4.1172524921664,0.08671963061625479,0.28897641616152286,-0.1507090605311203,0.43968547669264313
2873,2017-08-28 10:00:00,4.8980874118767765,0.0874258165048944,0.5464069847370493,-0.14325909700297323,0.6896660817400225
2874,2017-08-28 12:00:00,4.9464863999771005,0.08618399999960101,0.5623634676127997,-0.15635973781428825,0.7187232054270879
2875,2017-08-28 14:00:00,4.724500000198,0.0867160500036342,0.489177594813509,-0.15074683448534523,0.6399244292988542
2876,2017-08-28 16:00:00,4.35300000102,0.0867552900203286,0.3666991379718596,-0.15033286884553296,0.5170320068173926
2877,2017-08-28 18:00:00,4.33561659993007,0.08849259999857269,0.36096806894126743,-0.1320049807027415,0.4929730496440089
2878,2017-08-28 20:00:00,4.3209679399161836,0.0921017468397626,0.3561386065529266,-0.09393000247514038,0.450068609028067
2879,2017-08-28 22:00:00,4.2657793382260785,0.09254961127887,0.3379436811553257,-0.08920522137914354,0.42714890253446924
2880,2017-08-29 00:00:00,4.2780044000950035,0.09118195739415401,0.34197411646033954,-0.10363339351366581,0.44560750997400533
2881,2017-08-29 02:00:00,4.476499124775433,0.09209549999537997,0.4074151060265834,-0.09399590405086614,0.5014110100774495
2882,2017-08-29 04:00:00,4.37,0.0922944,0.37230380458286116,-0.0918975928214786,0.46420139740433974
2883,2017-08-29 06:00:00,4.286320235157109,0.0922149269563053,0.3447157332786705,-0.09273599994136157,0.43745173322003206
2884,2017-08-29 08:00:00,4.297031923034397,0.0970767609125125,0.3482472299254607,-0.04144570055089137,0.38969293047635206
2885,2017-08-29 10:00:00,4.325407379990131,0.0958123799997814,0.3576022290850967,-0.05478438635170487,0.41238661543680155
2886,2017-08-29 12:00:00,4.190425702,0.09188602199999997,0.31310062031333885,-0.09620580862505226,0.4093064289383911
2887,2017-08-29 14:00:00,3.963878099991364,0.089504999999805,0.2384109816684162,-0.12132458732982043,0.35973556899823667
2888,2017-08-29 16:00:00,4.1028880682610005,0.088895908145655,0.2842406625215622,-0.12775024971094004,0.4119909122325023
2889,2017-08-29 18:00:00,4.00550752,0.08919072,0.252135630748234,-0.12464010888560197,0.3767757396338359
2890,2017-08-29 20:00:00,3.92789621,0.08803005,0.22654824581339766,-0.13688468826238892,0.3634329340757866
2891,2017-08-29 22:00:00,3.843941400008375,0.08849520000019279,0.19886949589425884,-0.13197755178132795,0.3308470476755868
2892,2017-08-30 00:00:00,4.09875208,0.08931212000000001,0.2828770838921048,-0.12335939004532692,0.40623647393743173
2893,2017-08-30 02:00:00,3.933545624328463,0.08974741540293099,0.22841078026976447,-0.11876720698421664,0.3471779872539811
2894,2017-08-30 04:00:00,4.017891142830527,0.0881312374354236,0.25621834142857824,-0.1358172034605264,0.39203554488910464
2895,2017-08-30 06:00:00,3.84313176,0.08773668,0.19860256868283907,-0.13997961813200563,0.3385821868148447
2896,2017-08-30 08:00:00,3.82762860998303,0.0869720799996144,0.193491392654671,-0.14804582592251694,0.34153721857718794
2897,2017-08-30 10:00:00,4.0594396997950914,0.086064262122216,0.26991633107131585,-0.15762292196141767,0.42753925303273355
2898,2017-08-30 12:00:00,4.114799999991,0.08311895999981819,0.28816786311246817,-0.18869461815957825,0.47686248127204645
2899,2017-08-30 14:00:00,4.100400000045,0.08501496000093302,0.2834203805396328,-0.16869261714978337,0.45211299768941615
2900,2017-08-30 16:00:00,4.056250262408837,0.0862035804001878,0.2688648172890121,-0.1561531728395631,0.4250179901285752
2901,2017-08-30 18:00:00,4.084299849376399,0.08749922687289599,0.278112381580894,-0.14248464855675277,0.4205970301376468
2902,2017-08-30 20:00:00,4.0629523516554,0.0867828361853586,0.2710744042347734,-0.1500422684128208,0.4211166726475942
2903,2017-08-30 22:00:00,4.02710513217023,0.08913551646811403,0.2592560673994512,-0.125222482883428,0.38447855028287914
2904,2017-08-31 00:00:00,4.046194019859201,0.0888333599969088,0.26554941198125975,-0.1284101063215131,0.39395951830277287
2905,2017-08-31 02:00:00,3.9253728185915007,0.0902384555998046,0.22571631825914643,-0.11358693983867826,0.3393032580978247
2906,2017-08-31 04:00:00,3.968344825018717,0.0886267526239269,0.2398835996756751,-0.13058972703912136,0.3704733267147965
2907,2017-08-31 06:00:00,3.9442955105046917,0.08820843001128671,0.23195487037205542,-0.13500285431524434,0.36695772468729976
2908,2017-08-31 08:00:00,3.9844740000086616,0.0863880000001878,0.24520116755526697,-0.15420762377666383,0.3994087913319308
2909,2017-08-31 10:00:00,4.073389375231551,0.08716768174504391,0.2745153478268471,-0.14598230993765499,0.4204976577645021
2910,2017-08-31 12:00:00,4.058389099965571,0.0880290499992532,0.26956996271017863,-0.13689523784885274,0.40646520055903135
2911,2017-08-31 14:00:00,4.224599999514,0.0893737599897184,0.324367417708826,-0.12270911412978573,0.44707653183861173
2912,2017-08-31 16:00:00,4.247999999991,0.08916079999981111,0.3320820770758739,-0.12495575227887169,0.4570378293547456
2913,2017-08-31 18:00:00,4.309078853598351,0.08713678463543,0.3522189377812246,-0.1463082614235906,0.4985271992048152
2914,2017-08-31 20:00:00,4.238583322819629,0.0893339617735355,0.3289775277055442,-0.12312896853896839,0.4521064962445126
2915,2017-08-31 22:00:00,4.356567208274623,0.0897765459662848,0.36787519730092383,-0.11845989181687687,0.4863350891178007
2916,2017-09-01 00:00:00,4.27974099,0.0896323113,0.34254664634513454,-0.11998150676359609,0.46252815310873063
2917,2017-09-01 02:00:00,4.260600000072,0.08937792000151039,0.33623612436938716,-0.12266522775846972,0.4589013521278569
2918,2017-09-01 04:00:00,4.210926972966,0.0916578437782266,0.31985960829924487,-0.0986129927071412,0.41847260100638606
2919,2017-09-01 06:00:00,4.351701199999999,0.0919060373,0.36627094108080704,-0.0959946556447903,0.46226559672559736
2920,2017-09-01 08:00:00,4.727575259868619,0.0931211416219227,0.4901914657682282,-0.08317581711113364,0.5733672828793619
2921,2017-09-01 10:00:00,4.707242749832412,0.093589999996668,0.4834881159473342,-0.07822955884130654,0.5617176747886408
2922,2017-09-01 12:00:00,4.8780280755792065,0.0942338150111891,0.5397936965528496,-0.07143758175111654,0.6112312783039662
2923,2017-09-01 14:00:00,4.522456144166553,0.093646481316864,0.42256650529581785,-0.07763370471528834,0.5002002100111061
2924,2017-09-01 16:00:00,4.685380199990268,0.0939406499998049,0.47628033297771316,-0.07453034907722168,0.5508106820549349
2925,2017-09-01 18:00:00,4.7836007999999985,0.0953046,0.5086623182963421,-0.06014125136352405,0.5688035696598661
2926,2017-09-01 20:00:00,4.657933770697447,0.093041404477056,0.46723162150251474,-0.08401701038708516,0.5512486318895999
2927,2017-09-01 22:00:00,4.626076710443816,0.09283605000890648,0.4567287854648041,-0.08618341348670411,0.5429121989515082
2928,2017-09-02 00:00:00,4.77606239,0.09468063,0.5061770078632805,-0.06672387191349412,0.5729008797767746
2929,2017-09-02 02:00:00,4.678749240068131,0.09243861000134612,0.4740941963951044,-0.09037623807946825,0.5644704344745727
2930,2017-09-02 04:00:00,4.327294499685808,0.08744579999365079,0.35822438657826855,-0.14304827961792593,0.5012726661961945
2931,2017-09-02 06:00:00,4.431847911990609,0.0897591839998098,0.39269421329416343,-0.11864305324660307,0.5113372665407665
2932,2017-09-02 08:00:00,4.276651767128945,0.08549144490992,0.34152817191465284,-0.16366590215763901,0.5051940740722919
2933,2017-09-02 10:00:00,4.200629999873475,0.0913796799972476,0.316464837431673,-0.10154750337420812,0.4180123408058811
2934,2017-09-02 12:00:00,4.218448300594932,0.0901588935210705,0.32233928690874775,-0.11442628624070636,0.4367655731494541
2935,2017-09-02 14:00:00,4.128207999834688,0.085629749996571,0.29258829685088417,-0.16220684177724534,0.4547951386281295
2936,2017-09-02 16:00:00,4.090086,0.0865865,0.28001999611925227,-0.15211353242943107,0.43213352854868337
2937,2017-09-02 18:00:00,4.004685007217332,0.0836100001506838,0.2518644595596024,-0.1835143514994049,0.43537881105900733
2938,2017-09-02 20:00:00,3.9267820772400004,0.08309972748000001,0.2261809315160533,-0.1888975131387966,0.4150784446548499
2939,2017-09-02 22:00:00,3.96318416,0.08638565000000001,0.23818219916647537,-0.1542324152883208,0.3924146144547962
2940,2017-09-03 00:00:00,4.023772556516189,0.0859758974339958,0.25815736289253827,-0.15855513218397652,0.41671249507651476
2941,2017-09-03 02:00:00,3.975036965355928,0.08976216599629501,0.24208990660241245,-0.11861159444034075,0.3607015010427532
2942,2017-09-03 04:00:00,4.126979546227584,0.09027767757372837,0.2921832925374721,-0.11317316454249259,0.4053564570799647
2943,2017-09-03 06:00:00,4.1660807096495684,0.0881862299925822,0.3050744100804986,-0.13523705515716627,0.4403114652376649
2944,2017-09-03 08:00:00,4.0771185,0.0874965,0.27574478914049494,-0.14251341591666156,0.4182582050571565
2945,2017-09-03 10:00:00,3.95309036,0.08712020000000001,0.23485441168221247,-0.14648322233837047,0.38133763402058296
2946,2017-09-03 12:00:00,3.8906154,0.08263100000000001,0.21425727383840465,-0.19384239052422167,0.40809966436262635
2947,2017-09-03 14:00:00,3.9748167131059104,0.0839345926929069,0.24201729245501616,-0.18009003696696776,0.4221073294219839
2948,2017-09-03 16:00:00,4.052736138796383,0.08436357465881249,0.2677062589090483,-0.17556445800590126,0.44327071691494957
2949,2017-09-03 18:00:00,4.1261604,0.08566863999999999,0.29191323125589985,-0.16179656862988231,0.4537097998857822
2950,2017-09-03 20:00:00,4.175474421196601,0.08640656869414551,0.3081713879993191,-0.1540117318805276,0.4621831198798467
2951,2017-09-03 22:00:00,4.210660465326002,0.08651348263950001,0.3197717443838863,-0.1528838348121286,0.47265557919601486
2952,2017-09-04 00:00:00,4.161746594014799,0.08418489577675589,0.3036455115720347,-0.17744944491371964,0.4810949564857543
2953,2017-09-04 02:00:00,4.160487527715191,0.0844526906381444,0.30323041467357303,-0.174624321978719,0.47785473665229206
2954,2017-09-04 04:00:00,4.120185173427859,0.08532086445319499,0.28994328096934713,-0.1654654540910033,0.4554087350603504
2955,2017-09-04 06:00:00,3.988804899972617,0.07909699999945702,0.24662900590114714,-0.23112460125096893,0.47775360715211607
2956,2017-09-04 08:00:00,3.812143533856,0.0781212528,0.18838617534024144,-0.24141832301118418,0.42980449835142565
2957,2017-09-04 10:00:00,3.781868838610328,0.0742279422392903,0.17840502335303915,-0.28249110872899613,0.4608961320820353
2958,2017-09-04 12:00:00,3.666436768995,0.068636568,0.1403486524571965,-0.34147775066711106,0.4818264031243076
2959,2017-09-04 14:00:00,3.498210529983194,0.06573376999968421,0.08488676766572906,-0.3721010462891613,0.45698781395489035
2960,2017-09-04 16:00:00,3.3706554300500584,0.063429570000942,0.042833599868527084,-0.3964093852525112,0.43924298512103827
2961,2017-09-04 18:00:00,3.6845347,0.07119035,0.14631529220530848,-0.3145364267679754,0.46085171897328386
2962,2017-09-04 20:00:00,3.8003360357072,0.0713426719430488,0.18449340506937864,-0.312929494459492,0.49742289952887064
2963,2017-09-04 22:00:00,3.6618299999652004,0.0705428399993296,0.13882986386219187,-0.32136738440491963,0.4601972482671115
2964,2017-09-05 00:00:00,3.3408592,0.060211199999999986,0.03301019129704724,-0.43036183249453897,0.4633720237915862
2965,2017-09-05 02:00:00,3.34724820507,0.0598620825,0.03511655868186152,-0.4340448749963485,0.46916143367821
2966,2017-09-05 04:00:00,3.3485716799492256,0.0601859699990874,0.03555289020604695,-0.4306279983718775,0.46618088857792445
2967,2017-09-05 06:00:00,3.4924981877195136,0.06307747840739521,0.08300348673179911,-0.40012380318791324,0.4831272899197123
2968,2017-09-05 08:00:00,3.440599,0.061793499999999994,0.06589303602578062,-0.413669234298764,0.4795622703245446
2969,2017-09-05 10:00:00,3.5494282039330907,0.064507279998784,0.10177253262476589,-0.38503999893794005,0.48681253156270593
2970,2017-09-05 12:00:00,3.63541887,0.06443361,0.1301224763824087,-0.3858171863795027,0.5159396627619114
2971,2017-09-05 14:00:00,3.6247512652521383,0.0670378500971355,0.1266055133390555,-0.3583435508193633,0.4849490641584188
2972,2017-09-05 16:00:00,3.7884924,0.07195320000000001,0.18058872074092058,-0.30648868074405644,0.487077401484977
2973,2017-09-05 18:00:00,3.845135049982613,0.0679815099996926,0.19926302592703743,-0.3483883365193888,0.5476513624464262
2974,2017-09-05 20:00:00,3.802951208241877,0.06746083420522599,0.1853555916027046,-0.3538812467306616,0.5392368383333662
2975,2017-09-05 22:00:00,3.892142930113325,0.06798234797529501,0.21476087957588275,-0.3483794962299185,0.5631403758058012
2976,2017-09-06 00:00:00,3.9481431280835815,0.07203969532820059,0.2332233771408897,-0.30557619148192916,0.5387995686228189
2977,2017-09-06 02:00:00,3.9936967793614055,0.071472766399586,0.24824179147293723,-0.31155705276672,0.5597988442396573
2978,2017-09-06 04:00:00,3.86203150245484,0.06699020498666,0.20483355467394346,-0.35884618665653756,0.563679741330481
2979,2017-09-06 06:00:00,3.9203593,0.06809124999999999,0.22406342990977196,-0.34723062576217745,0.5712940556719495
2980,2017-09-06 08:00:00,4.1019259468781,0.07076159218327499,0.28392346429132603,-0.31905964104964657,0.6029831053409727
2981,2017-09-06 10:00:00,4.1676453,0.0716193,0.3055902340700928,-0.310011185033742,0.6156014191038348
2982,2017-09-06 12:00:00,4.059396297285905,0.07085026858640779,0.2699020218590413,-0.318124142366121,0.5880261642251623
2983,2017-09-06 14:00:00,4.209902087269828,0.0737596913928393,0.31952171753535813,-0.2874309578313395,0.6069526753666976
2984,2017-09-06 16:00:00,4.17913028,0.07687108,0.30937667452869205,-0.25460711921018997,0.5639837937388821
2985,2017-09-06 18:00:00,4.147806749136201,0.0762197921265099,0.29904973581666355,-0.2614779318133315,0.5605276676299951
2986,2017-09-06 20:00:00,4.2205842,0.07771575,0.3230434636615893,-0.24569620666640862,0.5687396703279979
2987,2017-09-06 22:00:00,4.25226720943102,0.0782425977431945,0.33348891752914483,-0.24013818499700548,0.5736271025261503
2988,2017-09-07 00:00:00,3.9936312677249997,0.073232247825,0.24822019318451213,-0.29299526519965613,0.5412154583841683
2989,2017-09-07 02:00:00,4.07925,0.07641,0.27644751546979673,-0.2594713189043742,0.535918834374171
2990,2017-09-07 04:00:00,4.0779513000000005,0.0749262,0.2760193518836537,-0.27512478360948117,0.5511441354931348
2991,2017-09-07 06:00:00,3.9991361426736547,0.07650529101830521,0.2500350749888442,-0.25846603881827485,0.508501113807119
2992,2017-09-07 08:00:00,4.11458311,0.07589584199999999,0.2880963574557768,-0.26489546913071776,0.5529918265864946
2993,2017-09-07 10:00:00,4.134847299991032,0.07883099999982901,0.2947771830943749,-0.2339307891507772,0.5287079722451521
2994,2017-09-07 12:00:00,4.143717378,0.076503285,0.29770152621417917,-0.2584872014660295,0.5561887276802087
2995,2017-09-07 14:00:00,4.27145796,0.07731633,0.3398158449060559,-0.24990991934501341,0.5897257642510693
2996,2017-09-07 16:00:00,4.6939447119999995,0.075737073,0.47910393517656824,-0.26657041517315266,0.745674350349721
2997,2017-09-07 18:00:00,4.419989837999999,0.075062691,0.3887847688615995,-0.273684861078773,0.6624696299403725
2998,2017-09-07 20:00:00,4.3737574548000016,0.07731307752000001,0.373542585919536,-0.24994423163837098,0.6234868175579069
2999,2017-09-07 22:00:00,4.35613549048099,0.0746030533172463,0.367732865862775,-0.2785338449338223,0.6462667107965974
3000,2017-09-08 00:00:00,4.36595289145792,0.07342855553347999,0.37096952837828134,-0.29092430160211474,0.661893829980396
3001,2017-09-08 02:00:00,4.2793726511142,0.07431383689838099,0.3424252100640382,-0.2815849562728475,0.6240101663368858
3002,2017-09-08 04:00:00,4.186721715929982,0.0735060310695797,0.3118794668839378,-0.2901069673455801,0.6019864342295179
3003,2017-09-08 06:00:00,4.2667333226665,0.075514124105,0.33825819674717583,-0.2689224320614969,0.6071806288086727
3004,2017-09-08 08:00:00,4.239049501947636,0.0737824706718424,0.32913122057320615,-0.28719064603737615,0.6163218666105823
3005,2017-09-08 10:00:00,4.209288569927254,0.0740177099987208,0.31931944927821043,-0.2847089702720816,0.6040284195502921
3006,2017-09-08 12:00:00,3.92470389999106,0.0656304999998505,0.22549578496677514,-0.3731905012679275,0.5986862862347027
3007,2017-09-08 14:00:00,3.906893043649864,0.0646601409396879,0.21962378979981745,-0.38342738042922686,0.6030511702290443
3008,2017-09-08 16:00:00,3.9061751000000005,0.0627187,0.21938709362073508,-0.4039087641914955,0.6232958578122306
3009,2017-09-08 18:00:00,3.7721475790806585,0.0615819847437696,0.17520005735469302,-0.4159006311163905,0.5911006884710834
3010,2017-09-08 20:00:00,3.77437408,0.0612696,0.17593410418473562,-0.41919615851968695,0.5951302627044226
3011,2017-09-08 22:00:00,3.923827809857667,0.06270967506793321,0.22520695006010058,-0.4040039734215626,0.6292109234816632
3012,2017-09-09 00:00:00,3.799794996663822,0.0618539986288259,0.1843150319138722,-0.4130309992596525,0.5973460311735247
3013,2017-09-09 02:00:00,3.8091199999821,0.061414079999711414,0.1873893576715924,-0.417671955408704,0.6050613130802964
3014,2017-09-09 04:00:00,3.9274246101341332,0.0634181674546192,0.22639276580277612,-0.3965296773110179,0.6229224431137941
3015,2017-09-09 06:00:00,3.921040214256904,0.06236402057361221,0.22428791800563094,-0.40765048267281967,0.6319384006784506
3016,2017-09-09 08:00:00,3.9214304814442498,0.061154433813749985,0.22441658374713247,-0.4204111132519193,0.6448276969990518
3017,2017-09-09 10:00:00,3.8545728533,0.060467641,0.20237454029809052,-0.4276564880125046,0.6300310283105951
3018,2017-09-09 12:00:00,3.80329779,0.05971791,0.18546985485707415,-0.43556583411496086,0.621035688972035
3019,2017-09-09 14:00:00,3.788026864612737,0.05984852456758001,0.18043524010575684,-0.4341879054698695,0.6146231455756264
3020,2017-09-09 16:00:00,3.7621363337686247,0.05756274171886421,0.17189948701931168,-0.4583019512616956,0.6302014382810073
3021,2017-09-09 18:00:00,3.84940947546205,0.0584033023804104,0.2006722454095796,-0.449434390506867,0.6501066359164466
3022,2017-09-09 20:00:00,3.8276879086041182,0.0585916287298722,0.19351094259711993,-0.44744762688350687,0.6409585694806268
3023,2017-09-09 22:00:00,3.8031842666565088,0.05976031177396979,0.1854324277670148,-0.4351185132683036,0.6205509410353184
3024,2017-09-10 00:00:00,3.793337443635161,0.0583253635858641,0.18218606520681013,-0.45025661194478933,0.6324426771515994
3025,2017-09-10 02:00:00,3.6857080790376138,0.0546148718203776,0.14670213918817596,-0.4894007364154948,0.6361028756036707
3026,2017-09-10 04:00:00,3.6267782594249827,0.051104022018919996,0.12727378552981275,-0.5264387222977217,0.6537125078275344
3027,2017-09-10 06:00:00,3.562568099669408,0.0500818499953526,0.10610457611441665,-0.5372222063882056,0.6433267825026223
3028,2017-09-10 08:00:00,3.4597072202806634,0.048464770281534605,0.07219275429803984,-0.5542817159080833,0.6264744702061231
3029,2017-09-10 10:00:00,3.4714762500000003,0.05016,0.07607284205507167,-0.5363977567727237,0.6124705988277954
3030,2017-09-10 12:00:00,3.490083003445873,0.050184254175235185,0.08220723358650109,-0.5361418854450546,0.6183491190315556
3031,2017-09-10 14:00:00,3.55879008,0.05155872,0.10485901482222193,-0.5216418502136678,0.6265008650358898
3032,2017-09-10 16:00:00,3.6906464,0.051880499999999996,0.14833023591011435,-0.5182472068164382,0.6665774427265525
3033,2017-09-10 18:00:00,3.6848657475,0.053656817025,0.14642443402773378,-0.49950781076850853,0.6459322447962423
3034,2017-09-10 20:00:00,3.617525599991468,0.052957599999875114,0.12422331055913798,-0.5068842557233557,0.6311075662824936
3035,2017-09-10 22:00:00,3.61665,0.0526635,0.12393463724553669,-0.5099868867840223,0.6339215240295589
3036,2017-09-11 00:00:00,3.6410537,0.0540384,0.13198020258561752,-0.49548227118687205,0.6274624737724895
3037,2017-09-11 02:00:00,3.7533256169498634,0.0530618929627332,0.1689947144701371,-0.5057840089157738,0.6747787233859108
3038,2017-09-11 04:00:00,3.603031069788451,0.0486423354005376,0.1194446626564778,-0.5524084787311244,0.6718531413876022
3039,2017-09-11 06:00:00,3.626146152907189,0.048201714907615496,0.12706538867643397,-0.5570568392475707,0.6841222279240047
3040,2017-09-11 08:00:00,3.62111194060028,0.048727076912762506,0.12540567789277918,-0.551514491488457,0.6769201693812361
3041,2017-09-11 10:00:00,3.6852134,0.048279,0.14653905029102138,-0.5562415140919758,0.7027805643829972
3042,2017-09-11 12:00:00,3.9931029651282652,0.0491351398628538,0.24804601906086035,-0.5472095993286539,0.7952556183895142
3043,2017-09-11 14:00:00,3.75010216,0.05061472,0.16793198490408504,-0.531600652398343,0.699532637302428
3044,2017-09-11 16:00:00,3.8447895641186,0.04983440401394,0.19914912397393225,-0.5398326572147744,0.7389817811887066
3045,2017-09-11 18:00:00,3.8200532639362836,0.049941919999167014,0.1909939049133522,-0.5386984088794287,0.7296923137927809
3046,2017-09-11 20:00:00,3.7311529854860783,0.0500180343504192,0.16168470184076472,-0.5378954345494125,0.6995801363901772
3047,2017-09-11 22:00:00,3.7981238967090425,0.049142457000117004,0.183764093167863,-0.547132406614075,0.730896499781938
3048,2017-09-12 00:00:00,3.789651798628856,0.050918005634759504,0.18097095857467782,-0.5284011167606062,0.709372075335284
3049,2017-09-12 02:00:00,3.830944409919687,0.053233199998884005,0.1945845664375404,-0.5039767918756585,0.6985613583131989
3050,2017-09-12 04:00:00,3.850749149991076,0.0520820499998793,0.20111391773622359,-0.5161209392538119,0.7172348569900354
3051,2017-09-12 06:00:00,3.935915616,0.052199664000000014,0.22919213403369354,-0.514880161116788,0.7440722951504816
3052,2017-09-12 08:00:00,3.88967964,0.0516957,0.213948766594723,-0.5201967689390314,0.7341455355337545
3053,2017-09-12 10:00:00,3.83072619,0.05335792,0.1945126223215928,-0.5026610484227065,0.6971736707442994
3054,2017-09-12 12:00:00,3.7942597035089007,0.0505617079591186,0.18249012164393685,-0.5321599070895969,0.7146500287335338
3055,2017-09-12 14:00:00,3.7728767999910913,0.0501000499998817,0.17544047149198533,-0.5370302040101701,0.7124706755021555
3056,2017-09-12 16:00:00,3.729875159027825,0.050222172000240005,0.16126341997518034,-0.5357418683703765,0.6970052883455569
3057,2017-09-12 18:00:00,3.7189292928126365,0.05923251899829,0.1576547179407314,-0.4406865046321761,0.5983412225729076
3058,2017-09-12 20:00:00,3.74458134013093,0.06047207175494751,0.1661118462780808,-0.42760974541499297,0.5937215916930738
3059,2017-09-12 22:00:00,3.720666505788632,0.06103800869846701,0.15822745324349316,-0.4216393491549184,0.5798668023984116
3060,2017-09-13 00:00:00,3.676203812798117,0.0568284633102472,0.14356871290284234,-0.46604827903700796,0.6096169919398503
3061,2017-09-13 02:00:00,3.5158096063180486,0.051471876104272014,0.09068894186788455,-0.5225580167163177,0.6132469585842023
3062,2017-09-13 04:00:00,3.512483442602284,0.0498767728626903,0.08959235128912031,-0.5393856837153076,0.628978035004428
3063,2017-09-13 06:00:00,3.4750768520881063,0.051353484001302005,0.07725991120292584,-0.5238070035104979,0.6010669147134238
3064,2017-09-13 08:00:00,3.4255505629312317,0.0499306936293024,0.060931772622982244,-0.5388168423505449,0.5997486149735272
3065,2017-09-13 10:00:00,3.297668363887975,0.047452319998388,0.01877076473336968,-0.5649626397340105,0.5837334044673802
3066,2017-09-13 12:00:00,3.298733901613584,0.059250441841848,0.019122057914063937,-0.440497426185586,0.45961948409965
3067,2017-09-13 14:00:00,3.304310100008645,0.0513294600001343,0.020960454080904037,-0.5240604465987537,0.5450209006796578
3068,2017-09-13 16:00:00,3.37854064746,0.04911588138,0.0454332479502699,-0.5474127682069568,0.5928460161572268
3069,2017-09-13 18:00:00,3.320747812207,0.049024219146686,0.02637974244837741,-0.5483797661406217,0.574759508588999
3070,2017-09-13 20:00:00,3.3588640799740026,0.050930639999605794,0.03894615339587443,-0.5282678295357829,0.5672139829316574
3071,2017-09-13 22:00:00,3.3703739999912776,0.0506570399998689,0.042740816236267076,-0.5311541942339894,0.5738950104702565
3072,2017-09-14 00:00:00,3.4019529599540754,0.0504053859946987,0.05315196642056229,-0.5338090379378783,0.5869610043584406
3073,2017-09-14 02:00:00,3.3066997500436117,0.048903900000645,0.0217482889377598,-0.5496490824271167,0.5713973713648766
3074,2017-09-14 04:00:00,3.2955156764102327,0.047337392791625,0.018061053183114982,-0.5661750733333643,0.5842361265164793
3075,2017-09-14 06:00:00,3.3622309303485083,0.04789019000496401,0.04005615780825292,-0.5603432956894207,0.6003994534976735
3076,2017-09-14 08:00:00,3.2717589474054405,0.04633741169777201,0.010228785310839542,-0.5767244524669416,0.5869532377777812
3077,2017-09-14 10:00:00,3.1189141500695987,0.0393633000008784,-0.04016204902399171,-0.650298391877103,0.6101363428531114
3078,2017-09-14 12:00:00,3.06767925,0.039365595,-0.05705349319854178,-0.6502741806035162,0.5932206874049744
3079,2017-09-14 14:00:00,3.1037379098856652,0.0395951555985414,-0.0451654473618092,-0.6478524130290783,0.6026869656672691
3080,2017-09-14 16:00:00,2.78622916,0.0367188,-0.14984372947691835,-0.6781967524556212,0.5283530229787028
3081,2017-09-14 18:00:00,2.8737325106092233,0.0362721074672736,-0.120995074363042,-0.682909170433157,0.561914096070115
3082,2017-09-14 20:00:00,2.803006320085146,0.035981560001093,-0.14431252979465556,-0.6859743237604358,0.5416617939657802
3083,2017-09-14 22:00:00,2.612314500153904,0.0328627500019361,-0.20718100863498412,-0.7188764549396628,0.5116954463046787
3084,2017-09-15 00:00:00,2.8414898315333987,0.0350190215991792,-0.13162504363998778,-0.6961286982729493,0.5645036546329616
3085,2017-09-15 02:00:00,2.7870910999669185,0.0351153999995832,-0.14955955968614604,-0.6951119467639464,0.5455523870778003
3086,2017-09-15 04:00:00,2.7203224000570643,0.034037400000714,-0.17157228471542352,-0.7064843924671439,0.5349121077517204
3087,2017-09-15 06:00:00,2.5651080000000004,0.03066228,-0.22274434458259723,-0.7420904861500371,0.5193461415674399
3088,2017-09-15 08:00:00,2.4606059990890263,0.0283051930010241,-0.2571972216667453,-0.7669567606785016,0.5097595390117563
3089,2017-09-15 10:00:00,2.43509,0.0235081,-0.26560949676798823,-0.81756407027457,0.5519545735065818
3090,2017-09-15 12:00:00,2.79482736,0.02901912,-0.1470090208094997,-0.7594251316985231,0.6124161108890234
3091,2017-09-15 14:00:00,3.1278070999747416,0.0332492499997315,-0.03723016535356909,-0.7147990428396398,0.6775688774860708
3092,2017-09-15 16:00:00,2.9796836998923406,0.034180999998765005,-0.08606441973949769,-0.7049694730028326,0.6189050532633349
3093,2017-09-15 18:00:00,3.0325203996000005,0.0359073678,-0.06864488418332361,-0.6867570202162948,0.6181121360329712
3094,2017-09-15 20:00:00,3.1326368897418146,0.0388500037747775,-0.03563784987887306,-0.6557134507519751,0.620075600873102
3095,2017-09-15 22:00:00,3.08534688,0.03888192,-0.05122871779278888,-0.655376748025839,0.6041480302330501
3096,2017-09-16 00:00:00,3.1041330546951564,0.0400688791453832,-0.04503517353515359,-0.6428548292438874,0.5978196557087337
3097,2017-09-16 02:00:00,3.099203967410304,0.0438603924432588,-0.046660226040193466,-0.6028559617501286,0.5561957357099351
3098,2017-09-16 04:00:00,3.126056899961504,0.0390169565280087,-0.03780718230447048,-0.6539521695617034,0.616144987257233
3099,2017-09-16 06:00:00,3.156813600024857,0.0387477000003051,-0.027667119936674926,-0.6567927124603609,0.6291255925236859
3100,2017-09-16 08:00:00,3.0636594900083227,0.0368468100001001,-0.05837875296097456,-0.6768463008998403,0.6184675479388657
3101,2017-09-16 10:00:00,3.025234390082409,0.033222550000905,-0.07104698163748976,-0.7150807165754917,0.6440337349380019
3102,2017-09-16 12:00:00,2.9762355059149552,0.034030255994454,-0.08720124202260751,-0.7065597587225987,0.6193585166999912
3103,2017-09-16 14:00:00,2.930889600131136,0.033864720001515206,-0.10215116551326119,-0.7083060936888288,0.6061549281755676
3104,2017-09-16 16:00:00,2.9896446404918047,0.0353117687999032,-0.08278043417822413,-0.6930403386732378,0.6102599044950137
3105,2017-09-16 18:00:00,3.075312507242039,0.035159540783690005,-0.05453691293003865,-0.6946462800931877,0.640109367163149
3106,2017-09-16 20:00:00,3.053401403000976,0.035890124328387604,-0.06176070361935179,-0.6869389315751558,0.625178227955804
3107,2017-09-16 22:00:00,3.0351033263227016,0.0371937191816511,-0.06779332865214872,-0.6731865552270502,0.6053932265749015
3108,2017-09-17 00:00:00,2.99595375,0.034473750000000004,-0.08070040726484991,-0.7018810838589102,0.6211806765940603
3109,2017-09-17 02:00:00,3.007928541233589,0.0348144924791806,-0.07675248275735028,-0.6982863942973898,0.6215339115400396
3110,2017-09-17 04:00:00,2.9619242839599016,0.0334050266403254,-0.09191945570888388,-0.7131556649279154,0.6212362092190316
3111,2017-09-17 06:00:00,2.8970600000163995,0.032503600000184,-0.113304320901662,-0.722665336107115,0.609361015205453
3112,2017-09-17 08:00:00,2.94491615,0.0332897,-0.09752680431123659,-0.7143723123830255,0.6168455080717888
3113,2017-09-17 10:00:00,2.94019243000826,0.0335666036500943,-0.09908415003511421,-0.7114510955657546,0.6123669455306404
3114,2017-09-17 12:00:00,3.0172676812373216,0.0346778633565945,-0.07367349632823537,-0.6997277739631745,0.6260542776349391
3115,2017-09-17 14:00:00,3.0499560000497947,0.034104000000556786,-0.06289660573938431,-0.7057817905350107,0.6428851847956264
3116,2017-09-17 16:00:00,3.0808853137407946,0.0346154247666799,-0.052699635024910915,-0.7003864747742438,0.6476868397493328
3117,2017-09-17 18:00:00,3.28067935,0.035329650000000004,0.013169719756614425,-0.6928516995476143,0.7060214193042287
3118,2017-09-17 20:00:00,3.29202626456,0.035964708448,0.01691064193238255,-0.6861521005440775,0.7030627424764601
3119,2017-09-17 22:00:00,3.2512755677103056,0.035382328742022594,0.003475695831666625,-0.6922959610188638,0.6957716568505304
3120,2017-09-18 00:00:00,3.35065983,0.036086400000000005,0.03624132465137285,-0.6848683059530667,0.7211096306044396
3121,2017-09-18 02:00:00,3.3588756345416053,0.0361405931932365,0.038949962778411666,-0.6842965906022213,0.7232465533806329
3122,2017-09-18 04:00:00,3.4310953601240577,0.035816000001295,0.06275981624392406,-0.6877209119889137,0.7504807282328377
3123,2017-09-18 06:00:00,3.5347316000179427,0.0362086000001838,0.09692726378944133,-0.6835791474479845,0.7805064112374258
3124,2017-09-18 08:00:00,3.449373089964685,0.0361788199996296,0.06878573320328317,-0.683893313904106,0.7526790471073892
3125,2017-09-18 10:00:00,3.5092705830089064,0.0380238950000965,0.08853311552622262,-0.6644285501906111,0.7529616657168337
3126,2017-09-18 12:00:00,3.626430650008925,0.0391266900000963,0.12715918347071026,-0.6527945276744598,0.77995371114517
3127,2017-09-18 14:00:00,3.4301850159914498,0.0390377329999027,0.06245968826329587,-0.653732986538729,0.7161926748020249
3128,2017-09-18 16:00:00,3.4271674976671584,0.0375491634653607,0.061464853838885766,-0.6694367678233029,0.7309016216621886
3129,2017-09-18 18:00:00,3.462092848947143,0.037489366198382994,0.07297926336483428,-0.67006760379048,0.7430468671553143
3130,2017-09-18 20:00:00,3.5110838784259264,0.0387177216002859,0.08913093416677727,-0.6571089719472298,0.7462399061140071
3131,2017-09-18 22:00:00,3.49859776,0.037925400000000005,0.08501443209374009,-0.665467630934404,0.750482063028144
3132,2017-09-19 00:00:00,3.4316519600000004,0.03826326,0.0629433195926039,-0.6619033503135202,0.7248466699061241
3133,2017-09-19 02:00:00,3.378874751,0.039989506,0.045543397307188066,-0.6436921824786827,0.6892355797858707
3134,2017-09-19 04:00:00,3.3243843149258083,0.0388022566904052,0.027578647542012884,-0.6562171623707872,0.6837958099128001
3135,2017-09-19 06:00:00,3.2704619999916145,0.03626999999990701,0.009801199528331724,-0.6829314033257572,0.6927326028540889
3136,2017-09-19 08:00:00,3.310537862516775,0.0365885973001854,0.02301366200354138,-0.6795703360693547,0.7025839980728961
3137,2017-09-19 10:00:00,3.3101949397595924,0.03715333747433,0.022900605071620707,-0.6736125652218492,0.6965131702934699
3138,2017-09-19 12:00:00,3.3230664286110563,0.03625263680404799,0.027144158490920802,-0.6831145777249666,0.7102587362158874
3139,2017-09-19 14:00:00,3.3117427400144828,0.037039175326015,0.02341089359688998,-0.6748169277769833,0.6982278213738733
3140,2017-09-19 16:00:00,3.387755303957652,0.037999049999525004,0.04847119387397237,-0.6646906544765958,0.7131618483505682
3141,2017-09-19 18:00:00,3.307164171517289,0.0365434655274213,0.02190140233088492,-0.6800464572528306,0.7019478595837155
3142,2017-09-19 20:00:00,3.2492170719002598,0.0361097777153924,0.002797037982979498,-0.684621680907386,0.6874187188903654
3143,2017-09-19 22:00:00,3.2749080000000004,0.037127999999999994,0.011266984780956063,-0.6738798648984506,0.6851468496794068
3144,2017-09-20 00:00:00,3.2728382556344675,0.0361213931639415,0.010584618437731112,-0.6844991428201119,0.695083761257843
3145,2017-09-20 02:00:00,3.2808061018139583,0.036007519678089,0.013211508092037876,-0.6857004601079133,0.6989119681999512
3146,2017-09-20 04:00:00,3.2912628699831177,0.034389179999823605,0.016658961205748054,-0.7027732617217436,0.7194322229274916
3147,2017-09-20 06:00:00,3.3220964246554976,0.0340413569964699,0.02682436148454127,-0.7064426478294545,0.7332670093139958
3148,2017-09-20 08:00:00,3.349801079991463,0.0340603199999132,0.03595820654614783,-0.7062425961344131,0.7422008026805609
3149,2017-09-20 10:00:00,3.3105279269455754,0.0359139872978,0.02301038638192347,-0.6866871873040573,0.7096975736859807
3150,2017-09-20 12:00:00,3.3726553641497685,0.042011153016315,0.04349295072413805,-0.6223646584080049,0.665857609132143
3151,2017-09-20 14:00:00,3.3999599999830004,0.0500799999997496,0.052494914839554076,-0.5372417230622022,0.5897366379017562
3152,2017-09-20 16:00:00,3.4431239727774945,0.054032423140014,0.06672548493571048,-0.49554532454098865,0.5622708094766992
3153,2017-09-20 18:00:00,3.4204422,0.05026805,0.059247615395018015,-0.5352578748065647,0.5945054902015827
3154,2017-09-20 20:00:00,3.4277319994357995,0.0463217699923755,0.06165096233326133,-0.5768894658672328,0.6385404282004941
3155,2017-09-20 22:00:00,3.35223822559856,0.0451549062623985,0.03676170004201896,-0.5891993864851491,0.6259610865271681
3156,2017-09-21 00:00:00,3.3200255999481247,0.0434687999993208,0.02614163896742206,-0.6069870970109252,0.6331287359783473
3157,2017-09-21 02:00:00,3.28456914,0.04170348,0.014452130194547616,-0.6256104790722459,0.6400626092667935
3158,2017-09-21 04:00:00,3.33121860000863,0.0410704000001064,0.029831817642718198,-0.6322892062820069,0.6621210239247252
3159,2017-09-21 06:00:00,3.37499742,0.04313444,0.04426509443075455,-0.6105144540995946,0.6547795485303491
3160,2017-09-21 08:00:00,3.3000060860171696,0.041362516000215205,0.01954147967157114,-0.6292075055827886,0.6487489852543598
3161,2017-09-21 10:00:00,3.3059602494589435,0.0407077194896064,0.021504485732795963,-0.6361153328289418,0.6576198185617378
3162,2017-09-21 12:00:00,3.2695971889915363,0.0418738359998916,0.009516083197285629,-0.6238132950638846,0.6333293782611702
3163,2017-09-21 14:00:00,3.130395839874584,0.039237119998428,-0.03637669329758343,-0.6516295377288672,0.6152528444312838
3164,2017-09-21 16:00:00,3.0475281929154727,0.0394338053660946,-0.06369702046880248,-0.6495545899860581,0.5858575695172556
3165,2017-09-21 18:00:00,2.9751821583790217,0.0385229500999659,-0.08754851626488087,-0.6591637291960638,0.5716152129311829
3166,2017-09-21 20:00:00,2.9957354710224915,0.0375652200128216,-0.08077237085135157,-0.6692673780140529,0.5884950071627013
3167,2017-09-21 22:00:00,2.9252880000081256,0.0371520000001032,-0.10399793628157437,-0.6736266750113109,0.5696287387297365
3168,2017-09-22 00:00:00,2.950874801469,0.039360061080000015,-0.0955623186089617,-0.6503325611274416,0.55477024251848
3169,2017-09-22 02:00:00,2.968835431,0.03907478,-0.08964094527456376,-0.6533421562998469,0.5637012110252831
3170,2017-09-22 04:00:00,2.9825250001771004,0.038717250002299,-0.08512768198695093,-0.6571139471072533,0.5719862651203024
3171,2017-09-22 06:00:00,2.97698688,0.037270799999999986,-0.0869535242873431,-0.6723733850764471,0.5854198607891039
3172,2017-09-22 08:00:00,2.9016386919999997,0.038408484,-0.11179478892388162,-0.6603712983130252,0.5485765093891436
3173,2017-09-22 10:00:00,2.849648880064448,0.0431196870009752,-0.128935117191562,-0.610670092022178,0.481734974830616
3174,2017-09-22 12:00:00,2.8423341434249765,0.045226728207522014,-0.13134668558399235,-0.588441695230908,0.45709500964691563
3175,2017-09-22 14:00:00,2.8021087411354406,0.0439989210021267,-0.1446084492694784,-0.6013945438320211,0.45678609456254265
3176,2017-09-22 16:00:00,2.8366888696468435,0.04602772788653,-0.13320785495767803,-0.5799914861702843,0.4467836312126062
3177,2017-09-22 18:00:00,2.8711320388987875,0.047493599981784006,-0.12185241423614904,-0.5645271533051678,0.4426747390690188
3178,2017-09-22 20:00:00,3.0447596224076063,0.04621730223546,-0.06460978021095877,-0.5779915566784596,0.5133817764675008
3179,2017-09-22 22:00:00,2.966776,0.0476034,-0.09031991144255834,-0.5633688093843132,0.47304889794175486
3180,2017-09-23 00:00:00,2.835480525057056,0.0461970940335146,-0.13360622960375498,-0.5782047446929535,0.44459851508919845
3181,2017-09-23 02:00:00,2.85032,0.04567728,-0.12871385814918265,-0.5836885636893412,0.4549747055401585
3182,2017-09-23 04:00:00,2.9308265141140497,0.0474462103605633,-0.10217196410824937,-0.5650270938383709,0.46285512973012155
3183,2017-09-23 06:00:00,2.9213414401828013,0.0462238734283576,-0.1052990629526605,-0.5779222333625862,0.4726231704099257
3184,2017-09-23 08:00:00,2.94495806,0.04585504,-0.09751298715878016,-0.5818132705999897,0.4843002834412095
3185,2017-09-23 10:00:00,3.0308386243675582,0.047603405005773,-0.069199342422031,-0.5633687565755175,0.49416941415348653
3186,2017-09-23 12:00:00,3.0187731199760286,0.0475272399996226,-0.07317717381411842,-0.5641722652933633,0.49099509147924486
3187,2017-09-23 14:00:00,3.0172500000162,0.0460410000002472,-0.07367932558444755,-0.5798514709636295,0.506172145379182
3188,2017-09-23 16:00:00,2.9756384000000007,0.04568982,-0.08739809965705292,-0.5835562719738795,0.4961581723168266
3189,2017-09-23 18:00:00,3.0576947462712,0.04605416778334401,-0.06034524720053078,-0.5797125564010533,0.5193673092005225
3190,2017-09-23 20:00:00,3.0229092,0.045198,-0.07181356493166763,-0.5887447657137809,0.5169312007821132
3191,2017-09-23 22:00:00,3.069029399991892,0.0467447499998765,-0.0566083672553988,-0.572427205038022,0.5158188377826233
3192,2017-09-24 00:00:00,3.05666113210524,0.0467066460016081,-0.06068601562124828,-0.5728291861621748,0.5121431705409265
3193,2017-09-24 02:00:00,3.0566779200324143,0.0459806800004876,-0.06068048087180436,-0.5804878215413684,0.519807340669564
3194,2017-09-24 04:00:00,2.99100185,0.04447655,-0.08233298080933481,-0.5963557591842618,0.5140227783749269
3195,2017-09-24 06:00:00,2.9720006043632967,0.0440839726839598,-0.08859743100799407,-0.6004972844306972,0.511899853422703
3196,2017-09-24 08:00:00,2.9747948499918966,0.0449697499998775,-0.08767620653051175,-0.5911527070272047,0.5034765004966929
3197,2017-09-24 10:00:00,3.5109619999904504,0.044852079999877996,0.0890907525174303,-0.5923940759393507,0.6814848284567809
3198,2017-09-24 12:00:00,3.6525936000098187,0.0447888000001204,0.1357847494185566,-0.5930616532696813,0.7288464026882379
3199,2017-09-24 14:00:00,3.5566198434225007,0.044625045749505786,0.10414351757435769,-0.5947891916052435,0.6989327091796012
3200,2017-09-24 16:00:00,3.455829850028134,0.044735900000364204,0.07091443848058554,-0.5936197259742801,0.6645341644548657
3201,2017-09-24 18:00:00,3.310055528665762,0.0449347107327456,0.022854643145169194,-0.5915223565293896,0.6143769996745587
3202,2017-09-24 20:00:00,3.2617086767620282,0.044201255107397586,0.006915348858700359,-0.5992600042879469,0.6061753531466473
3203,2017-09-24 22:00:00,2.6713655532819303,0.0441696218141521,-0.18771268594858342,-0.5995937222009571,0.41188103625237366
3204,2017-09-25 00:00:00,2.6793195900072866,0.0447858600001218,-0.1850903490819912,-0.5930926690307078,0.4080023199487166
3205,2017-09-25 02:00:00,2.8066206343130604,0.04510559759436,-0.14312093994228603,-0.5897195721535656,0.4465986322112796
3206,2017-09-25 04:00:00,2.726093610433746,0.04506345000717,-0.16966959577165908,-0.5901642114368142,0.4204946156651551
3207,2017-09-25 06:00:00,2.8458657146532453,0.0451508088045933,-0.1301823749642836,-0.5892426129382657,0.45906023797398215
3208,2017-09-25 08:00:00,2.746725039497181,0.0444361347330334,-0.16286769644536386,-0.5967821232191782,0.43391442677381437
3209,2017-09-25 10:00:00,2.794212849192,0.044920372584,-0.14721161659857881,-0.5916736179563513,0.4444620013577725
3210,2017-09-25 12:00:00,2.9686111001259885,0.044410600001884806,-0.08971490408837712,-0.5970515038720889,0.5073365997837118
3211,2017-09-25 14:00:00,3.1423875409960313,0.0462913982296469,-0.03242319383187439,-0.5772098751649171,0.5447866813330426
3212,2017-09-25 16:00:00,3.1072761692762683,0.046805859989098204,-0.043998931746666775,-0.571782520404371,0.5277835886577043
3213,2017-09-25 18:00:00,3.0938548800000003,0.0456112,-0.048423746828819864,-0.5843856798422684,0.5359619330134485
3214,2017-09-25 20:00:00,3.1078215999921475,0.047693899999879504,-0.04381911071694205,-0.5624140725236001,0.5185949618066581
3215,2017-09-25 22:00:00,3.0479167169267094,0.046561850019644205,-0.06356892942856698,-0.574356722752762,0.510787793324195
3216,2017-09-26 00:00:00,2.9973820800456914,0.0469171200007152,-0.08022950642973839,-0.5706087741683983,0.4903792677386599
3217,2017-09-26 02:00:00,2.96345766,0.0472119,-0.09141392264949019,-0.5674989694005211,0.4760850467510309
3218,2017-09-26 04:00:00,2.9414733750216264,0.045469222680328006,-0.09866184002466122,-0.5858834807335013,0.48722164070884005
3219,2017-09-26 06:00:00,2.990805300160304,0.0461932200024759,-0.08239778059698404,-0.5782456140878387,0.49584783349085465
3220,2017-09-26 08:00:00,2.9951151999541565,0.0461775999992932,-0.0809768657192958,-0.5784103985389198,0.49743353281962405
3221,2017-09-26 10:00:00,2.9905550022650003,0.04638331003513,-0.08248030038173601,-0.5762402443500415,0.49375994396830547
3222,2017-09-26 12:00:00,3.0337669519042962,0.0512337000321594,-0.0682339129775622,-0.5250706739062462,0.45683676092868397
3223,2017-09-26 14:00:00,2.9915492001098665,0.0492665663791158,-0.08215252698172541,-0.5458231049671345,0.46367057798540906
3224,2017-09-26 16:00:00,2.9789795199771785,0.05008563999961629,-0.08629657820393585,-0.5371822234403866,0.4508856452364507
3225,2017-09-26 18:00:00,2.99382021,0.050112499000000005,-0.08140380615418538,-0.5368988723051117,0.4554950661509263
3226,2017-09-26 20:00:00,2.9865131400228617,0.053298400000407996,-0.08381284695314654,-0.503288959335809,0.4194761123826624
3227,2017-09-26 22:00:00,2.9202873797900004,0.05161369570000001,-0.10564657221407049,-0.521061879746227,0.4154153075321565
3228,2017-09-27 00:00:00,2.942511,0.051363,-0.09831974929407505,-0.5237066137344143,0.42538686444033924
3229,2017-09-27 02:00:00,2.9812185699924507,0.05137648999986991,-0.08555839410900017,-0.5235642999206688,0.4380059058116686
3230,2017-09-27 04:00:00,2.9803145006036083,0.051271000010384,-0.08585645339262925,-0.5246771748547298,0.4388207214621005
3231,2017-09-27 06:00:00,2.9756975408831985,0.0583810200173277,-0.087378601718624,-0.44966946004727776,0.36229085832865376
3232,2017-09-27 08:00:00,2.9961980331439815,0.0550650899639737,-0.08061987046115279,-0.4846511247290275,0.4040312542678747
3233,2017-09-27 10:00:00,3.033259999889,0.0584107499978625,-0.06840104810720853,-0.4493558212812817,0.38095477317407317
3234,2017-09-27 12:00:00,3.0162896899925697,0.057644899999858,-0.07399592663436429,-0.4574352160199052,0.38343928938554095
3235,2017-09-27 14:00:00,3.0435735000074415,0.05603300000013699,-0.06500082850576076,-0.47444008173886654,0.40943925323310576
3236,2017-09-27 16:00:00,3.0644220000000004,0.06191,-0.058127363869955276,-0.4124402083935578,0.3543128445236025
3237,2017-09-27 18:00:00,3.1050079589778,0.0641553109995413,-0.044746729587214366,-0.38875312355509695,0.3440063939678826
3238,2017-09-27 20:00:00,3.06960795,0.0631591,-0.0564176272490581,-0.3992627297824586,0.3428451025334005
3239,2017-09-27 22:00:00,3.02085982,0.06197949999999999,-0.07248921742275109,-0.4117070126818683,0.3392177952591172
3240,2017-09-28 00:00:00,2.9967051100071744,0.0620702200001486,-0.0804526941708664,-0.41074995491102756,0.3302972607401612
3241,2017-09-28 02:00:00,3.015067666423865,0.06306529499024999,-0.07439881105226533,-0.40025233310452624,0.3258535220522609
3242,2017-09-28 04:00:00,2.9832395242723315,0.0634866711834546,-0.08489211318815224,-0.39580699184027185,0.31091487865211964
3243,2017-09-28 06:00:00,3.0790088136325484,0.06548745349814,-0.053318291385690754,-0.3746995815790977,0.32138129019340694
3244,2017-09-28 08:00:00,3.16231876,0.06584789999999999,-0.02585214416301729,-0.3708970228818713,0.34504487871885403
3245,2017-09-28 10:00:00,3.0879543773751004,0.0636005301519,-0.050369061654356596,-0.3946058277049976,0.34423676605064096
3246,2017-09-28 12:00:00,3.1234911795769333,0.06208108374192661,-0.03865306514184521,-0.41063534701340826,0.37198228187156307
3247,2017-09-28 14:00:00,3.021674837781,0.065773168729233,-0.07222051723342066,-0.37168540629561897,0.2994648890621983
3248,2017-09-28 16:00:00,3.0202344199855418,0.06663909999968101,-0.07269540323391956,-0.36255019630841967,0.28985479307450013
3249,2017-09-28 18:00:00,3.047712999846,0.06530635527599997,-0.06363609215732279,-0.37661009150525127,0.31297399934792847
3250,2017-09-28 20:00:00,3.0997965432179684,0.06697337532249653,-0.04646486192001846,-0.359023732521197,0.31255887060117854
3251,2017-09-28 22:00:00,3.092058589868268,0.06574123160473891,-0.049015959059940266,-0.37202232950026304,0.32300637044032277
3252,2017-09-29 00:00:00,3.0332773751751416,0.0614276670334775,-0.06839531971356522,-0.4175286179282454,0.3491332982146802
3253,2017-09-29 02:00:00,2.885198730473613,0.0592926620342368,-0.11721481886397093,-0.44005202094808715,0.3228372020841162
3254,2017-09-29 04:00:00,2.8599701,0.059039499999999995,-0.12553235247224376,-0.44272277372312346,0.3171904212508797
3255,2017-09-29 06:00:00,2.8893024114875563,0.0599317949271426,-0.11586189149096893,-0.43330943826782437,0.31744754677685544
3256,2017-09-29 08:00:00,3.0045276477901184,0.0596841751470296,-0.0778737107028707,-0.435921722597441,0.3580480118945703
3257,2017-09-29 10:00:00,3.013148819,0.0588826,-0.0750314287424661,-0.4443780026031822,0.3693465738607161
3258,2017-09-29 12:00:00,2.963193099823325,0.06046305999639499,-0.09150114451288881,-0.427704815670036,0.33620367115714717
3259,2017-09-29 14:00:00,2.970743999992927,0.0589259999998597,-0.08901171624213652,-0.4439201508940533,0.3549084346519168
3260,2017-09-29 16:00:00,2.987080531758377,0.059537291379238785,-0.08362578567631104,-0.43747128444867883,0.3538454987723678
3261,2017-09-29 18:00:00,2.9387634199437285,0.0587426799988752,-0.09955527506311487,-0.4458540996507261,0.3462988245876112
3262,2017-09-29 20:00:00,2.9466609575,0.06011112900000001,-0.09695156519802381,-0.43141753937316435,0.33446597417514057
3263,2017-09-29 22:00:00,2.8752999458563124,0.059019841170888016,-0.12047831245002055,-0.44293016608573843,0.3224518536357179
3264,2017-09-30 00:00:00,2.9443565096158024,0.0601867222787292,-0.09771131007380579,-0.43062006213867815,0.33290875206487236
3265,2017-09-30 02:00:00,2.9041133290235006,0.060017472314713015,-0.11097893502199134,-0.4324055779346533,0.32142664291266193
3266,2017-09-30 04:00:00,2.921413799993139,0.060037799999859,-0.10527520691517157,-0.43219112942274523,0.3269159225075737
3267,2017-09-30 06:00:00,2.962223999938287,0.060911999998731,-0.09182064345961156,-0.42296868783523517,0.3311480443756236
3268,2017-09-30 08:00:00,2.905675212386881,0.0610161737372803,-0.110464003488918,-0.4218696987938681,0.3114056953049501
3269,2017-09-30 10:00:00,2.890014912040076,0.0603305674014322,-0.11562698982646138,-0.4291025567125875,0.3134755668861261
3270,2017-09-30 12:00:00,2.923085580922935,0.0672202113993776,-0.10472404366103494,-0.3564197159304133,0.25169567226937833
3271,2017-09-30 14:00:00,2.8865154507543456,0.0666052020362457,-0.11678071423830996,-0.3629078055375675,0.24612709129925756
3272,2017-09-30 16:00:00,2.89883923995318,0.0636231199989724,-0.11271772988607626,-0.3943675143380737,0.28164978445199745
3273,2017-09-30 18:00:00,2.94675826,0.07401051,-0.09691948589769205,-0.28478492722440185,0.1878654413267098
3274,2017-09-30 20:00:00,2.8514354568767417,0.0638834804146591,-0.12834610730870075,-0.3916208216722435,0.26327471436354277
3275,2017-09-30 22:00:00,2.843317350039084,0.061459200000844816,-0.13102253584208434,-0.4171959584109711,0.2861734225688868
3276,2017-10-01 00:00:00,2.8390562467780875,0.0616248182144546,-0.13242736317184078,-0.41544875605131104,0.28302139287947026
3277,2017-10-01 02:00:00,2.8569023999999996,0.0599184,-0.12654373110719538,-0.4334507491043618,0.30690701799716646
3278,2017-10-01 04:00:00,2.826825519111405,0.0599226136285392,-0.136459666412703,-0.43340629709895756,0.2969466306862546
3279,2017-10-01 06:00:00,2.85868838655416,0.0627696827821528,-0.12595491582434876,-0.4033709173246692,0.2774160015003204
3280,2017-10-01 08:00:00,2.88067104,0.06219356,-0.11870753634308738,-0.40944876988986445,0.29074123354677706
3281,2017-10-01 10:00:00,2.8352387453150403,0.0618289812580504,-0.13368594107014312,-0.41329492197865025,0.27960898090850717
3282,2017-10-01 12:00:00,2.8233535999802246,0.060304639999577615,-0.13760431055377126,-0.4293760798759693,0.29177176932219806
3283,2017-10-01 14:00:00,2.8938495840263894,0.0581426882380548,-0.1143627510420287,-0.45218375988212994,0.33782100884010124
3284,2017-10-01 16:00:00,2.8853023700267966,0.058575200000544,-0.11718065032407926,-0.44762094305461386,0.3304402927305346
3285,2017-10-01 18:00:00,2.8822943879933383,0.0566351939998691,-0.11817234076413458,-0.4680871888149996,0.34991484805086503
3286,2017-10-01 20:00:00,2.88288,0.0561288,-0.11797927251368347,-0.47342943211182453,0.3554501595981411
3287,2017-10-01 22:00:00,2.8985875294372923,0.0546745112957526,-0.1128007153924692,-0.48877156508323066,0.37597084969076144
3288,2017-10-02 00:00:00,2.6659679356883923,0.055035804428115,-0.18949220647332268,-0.48496007479098613,0.2954678683176635
3289,2017-10-02 02:00:00,2.717564,0.057095400000000004,-0.17248169139937694,-0.4632322094511179,0.290750518051741
3290,2017-10-02 04:00:00,2.745920099993852,0.0577900399998706,-0.16313307396470925,-0.45590405018387853,0.29277097621916925
3291,2017-10-02 06:00:00,2.7214200100311507,0.05675717223226049,-0.17121041775408416,-0.46680036986667095,0.29558995211258676
3292,2017-10-02 08:00:00,2.707026775782952,0.0573704801101509,-0.17595566976910532,-0.4603302302117839,0.28437456044267856
3293,2017-10-02 10:00:00,2.6260404988999997,0.060342012500000014,-0.20265573501788592,-0.42898181574582805,0.22632608072794214
3294,2017-10-02 12:00:00,2.62802602,0.06532776,-0.2020011359306917,-0.37638428068731283,0.17438314475662114
3295,2017-10-02 14:00:00,2.6194199995828,0.06636449998943,-0.20483842288245122,-0.36544711069613106,0.16060868781367985
3296,2017-10-02 16:00:00,2.629500000018,0.0655622000004488,-0.20151518492552475,-0.3739110374790028,0.17239585255347803
3297,2017-10-02 18:00:00,2.6265959999999997,0.0659295,-0.2024725939205713,-0.37003617726929755,0.16756358334872626
3298,2017-10-02 20:00:00,2.6236437500359817,0.06545000000089761,-0.20344591026136216,-0.37509470019155666,0.1716487899301945
3299,2017-10-02 22:00:00,2.68817481,0.06333039,-0.18217090444645784,-0.39745569246655493,0.2152847880200971
3300,2017-10-03 00:00:00,2.613766598327301,0.059300499808435214,-0.20670227177400494,-0.4399693357332458,0.23326706395924088
3301,2017-10-03 02:00:00,2.5823497000000004,0.05572334,-0.21705999245877702,-0.47770686424508546,0.2606468717863084
3302,2017-10-03 04:00:00,2.49601872,0.05362784,-0.2455221330548019,-0.49981350617091885,0.25429137311611694
3303,2017-10-03 06:00:00,2.4852999998608,0.0523198499970696,-0.24905594814193924,-0.5136122494958304,0.2645563013538912
3304,2017-10-03 08:00:00,2.47391872,0.05299968,-0.25280820008626786,-0.506440329455162,0.2536321293688942
3305,2017-10-03 10:00:00,2.412551244168922,0.054976154822528,-0.2730402155820642,-0.48558935299271794,0.21254913741065373
3306,2017-10-03 12:00:00,2.1637402800460044,0.053589780001139405,-0.35506977950800295,-0.5002150231198613,0.14514524361185838
3307,2017-10-03 14:00:00,2.20501194,0.05573612,-0.34146307901367356,-0.4775720406307633,0.13610896161708974
3308,2017-10-03 16:00:00,2.259755337667616,0.0545650330965644,-0.32341493127899273,-0.48992651394896125,0.16651158266996852
3309,2017-10-03 18:00:00,2.2902741067928396,0.054952232059553414,-0.313353311479707,-0.4858417280606997,0.17248841658099268
3310,2017-10-03 20:00:00,2.350056054302,0.053196723411017985,-0.29364402293566527,-0.5043616045058805,0.21071758157021525
3311,2017-10-03 22:00:00,2.3801391344,0.0539471776,-0.28372604383580174,-0.49644462906442643,0.2127185852286247
3312,2017-10-04 00:00:00,2.2386875773299977,0.053286700401339405,-0.3303606830447278,-0.5034123851756015,0.17305170213087367
3313,2017-10-04 02:00:00,2.34810099883687,0.0525889999739501,-0.2942885779206956,-0.5107728306634546,0.21648425274275895
3314,2017-10-04 04:00:00,2.4042804479731483,0.0521433233655805,-0.2757669837036027,-0.5154745310671514,0.23970754736354866
3315,2017-10-04 06:00:00,2.3730682656877637,0.052206288752944,-0.2860572123158039,-0.5148102727649961,0.22875306044919225
3316,2017-10-04 08:00:00,2.363679535,0.049685552,-0.28915254811360597,-0.5414029832334385,0.25225043511983253
3317,2017-10-04 10:00:00,2.264673813816583,0.047793165013574994,-0.3217933771199863,-0.5613668684608327,0.23957349134084643
3318,2017-10-04 12:00:00,2.2567372799519614,0.048368319998970406,-0.32440994353334074,-0.5552992257435841,0.2308892822102434
3319,2017-10-04 14:00:00,2.195017799963607,0.048004139999204096,-0.34475800997417205,-0.559141171270372,0.21438316129619994
3320,2017-10-04 16:00:00,2.23515084326602,0.0503382043158876,-0.3315266957805925,-0.5345177763379992,0.20299108055740672
3321,2017-10-04 18:00:00,2.1817119274675423,0.04792661330211,-0.34914477372613884,-0.5599590452538374,0.2108142715276986
3322,2017-10-04 20:00:00,2.20601568,0.049092864000000014,-0.34113215969592847,-0.547655591866098,0.20652343217016955
3323,2017-10-04 22:00:00,2.1958879161738225,0.0480737578639689,-0.34447114458807265,-0.5584067321350837,0.21393558754701109
3324,2017-10-05 00:00:00,2.24270902702,0.0478189558,-0.32903486621192124,-0.5610947865326613,0.23205992032074008
3325,2017-10-05 02:00:00,2.1893657973412437,0.047040984007332,-0.34662139775555484,-0.5693020610966842,0.2226806633411294
3326,2017-10-05 04:00:00,2.15546394,0.04689126,-0.3577983753609619,-0.5708815862781633,0.21308321091720145
3327,2017-10-05 06:00:00,2.1583679687317683,0.044674231595715014,-0.3568409568993797,-0.5942703016553669,0.23742934475598715
3328,2017-10-05 08:00:00,2.1557309484069505,0.0453842521917408,-0.3577103463496042,-0.586779883580297,0.2290695372306928
3329,2017-10-05 10:00:00,2.153666,0.04604097,-0.3583911315310323,-0.5798517874535949,0.2214606559225626
3330,2017-10-05 12:00:00,2.1929015966220002,0.045970883013,-0.3454556932049032,-0.5805911756307696,0.23513548242586635
3331,2017-10-05 14:00:00,2.23584984,0.047586,-0.3312962461399339,-0.5635523720517002,0.23225612591176625
3332,2017-10-05 16:00:00,2.19634066197,0.04532656635,-0.3443218805057576,-0.58738844490101,0.24306656439525243
3333,2017-10-05 18:00:00,2.2260043639155,0.0475317402412545,-0.334542164633525,-0.564124789640614,0.22958262500708898
3334,2017-10-05 20:00:00,2.240557545501368,0.0459712541213766,-0.3297441801739897,-0.580587260593787,0.25084308041979725
3335,2017-10-05 22:00:00,2.235203818213184,0.03928529578519,-0.3315092306667452,-0.651121303480505,0.3196120728137598
3336,2017-10-06 00:00:00,2.2393091052227576,0.0409928287930942,-0.33015577381900046,-0.6331075498263512,0.30295177600735074
3337,2017-10-06 02:00:00,2.2562253004068094,0.0421352400075972,-0.32457873617065824,-0.6210555929420399,0.2964768567713817
3338,2017-10-06 04:00:00,2.2899785240602157,0.0445626925961536,-0.3134507610545143,-0.5954469910965836,0.2819962300420693
3339,2017-10-06 06:00:00,2.3099632796804093,0.0431200199940342,-0.3068620610972204,-0.6106665790857337,0.3038045179885133
3340,2017-10-06 08:00:00,2.3338671093284082,0.0419020110058962,-0.29898129615948,-0.6235160606238932,0.3245347644644132
3341,2017-10-06 10:00:00,2.2896248413541,0.0424599414245,-0.3135673653940903,-0.6176301298276133,0.30406276443352304
3342,2017-10-06 12:00:00,2.37373156,0.04237874,-0.2858385332741503,-0.6184867706366275,0.3326482373624772
3343,2017-10-06 14:00:00,2.331642594402632,0.042092160115584,-0.2997146882346701,-0.6215100676482864,0.3217953794136163
3344,2017-10-06 16:00:00,2.289387270733856,0.0441822259443376,-0.31364568917073316,-0.5994607539390637,0.2858150647683306
3345,2017-10-06 18:00:00,2.3033756715850364,0.044040355398011,-0.30903390517685453,-0.6009574284164985,0.29192352323964393
3346,2017-10-06 20:00:00,2.333470946635185,0.042961147901898096,-0.29911190556844786,-0.61234261270676,0.3132307071383122
3347,2017-10-06 22:00:00,2.331349889981636,0.0431480496805092,-0.2998111888695925,-0.6103708777055399,0.31055968883594737
3348,2017-10-07 00:00:00,2.3584582446624167,0.043034526540468014,-0.2908739359593245,-0.6115684989926726,0.32069456303334815
3349,2017-10-07 02:00:00,2.3574896486248718,0.042186242715578505,-0.291193268794436,-0.6205175358661199,0.3293242670716839
3350,2017-10-07 04:00:00,2.333859839339725,0.042427439987996814,-0.29898369297508465,-0.617973006286144,0.3189893133110594
3351,2017-10-07 06:00:00,2.316677147090106,0.043340818305184416,-0.3046485910525405,-0.6083372499507175,0.303688658898177
3352,2017-10-07 08:00:00,2.283189364501766,0.045183280480312005,-0.3156890538884593,-0.5889000504434696,0.2732109965550103
3353,2017-10-07 10:00:00,2.263510325908493,0.046331944154303986,-0.32217696313304706,-0.576782132746427,0.2546051696133799
3354,2017-10-07 12:00:00,2.2892617908433808,0.046565834273539095,-0.31368705817042103,-0.5743146905531934,0.26062763238277237
3355,2017-10-07 14:00:00,2.306421519984119,0.0450949499996895,-0.3080297307151622,-0.5898318997902883,0.28180216907512606
3356,2017-10-07 16:00:00,2.3133468339456607,0.0442954407811536,-0.3057465496410564,-0.5982663851210333,0.29251983547997684
3357,2017-10-07 18:00:00,2.3304196356118334,0.044083977541596785,-0.3001178809824746,-0.600497233184674,0.30037935220219936
3358,2017-10-07 20:00:00,2.4335153787684134,0.043111835980681586,-0.26612862780158597,-0.6107529169777416,0.3446242891761556
3359,2017-10-07 22:00:00,2.4618024,0.042624,-0.2568027846878376,-0.6158993809927573,0.3590965963049197
3360,2017-10-08 00:00:00,2.464213844873731,0.0443088711274956,-0.2560077643714263,-0.5981247006268684,0.3421169362554421
3361,2017-10-08 02:00:00,2.4981483428944857,0.0455605560163134,-0.2448200255814549,-0.5849199525280511,0.3400999269465962
3362,2017-10-08 04:00:00,2.4531887999005466,0.044621999998191005,-0.2596425705569262,-0.5948213229980905,0.33517875244116435
3363,2017-10-08 06:00:00,2.40515436,0.04368393,-0.2754788668887952,-0.6047175661626697,0.3292386992738745
3364,2017-10-08 08:00:00,2.432462325049117,0.0443035740008946,-0.26647580517654196,-0.5981805830802227,0.33170477790368075
3365,2017-10-08 10:00:00,2.462038465,0.043810900000000014,-0.2567249572935487,-0.6033780861696736,0.34665312887612487
3366,2017-10-08 12:00:00,2.5840324487797925,0.04370111542997,-0.21650521325485472,-0.6045362671186763,0.38803105386382153
3367,2017-10-08 14:00:00,2.7053272599823033,0.040998839999731806,-0.17651597682994524,-0.6330441341295343,0.45652815729958907
3368,2017-10-08 16:00:00,2.629399169982773,0.0431799699997171,-0.20154842720586183,-0.6100341317895831,0.40848570458372124
3369,2017-10-08 18:00:00,2.564546,0.042872,-0.22292962827814866,-0.613283085503563,0.39035345722541437
3370,2017-10-08 20:00:00,2.463920220870377,0.0437504400154548,-0.2561045681800455,-0.6040159135279091,0.34791134534786355
3371,2017-10-08 22:00:00,2.4044520600990773,0.0431128500017765,-0.2757104055383117,-0.6107422194825135,0.3350318139442018
3372,2017-10-09 00:00:00,2.472992813506904,0.0430177920613383,-0.25311345876380476,-0.6117450406953383,0.35863158193153355
3373,2017-10-09 02:00:00,2.4741642596533286,0.043328259993929,-0.2527272490286644,-0.6084697348422071,0.35574248581354273
3374,2017-10-09 04:00:00,2.3678126311373324,0.0409949100196911,-0.28778992297767403,-0.6330855937628131,0.3452956707851391
3375,2017-10-09 06:00:00,2.2927882075720545,0.0443416371017015,-0.31252444691856585,-0.5977790334070541,0.2852545864884882
3376,2017-10-09 08:00:00,2.2606790702069044,0.0420811300038514,-0.32311038932422337,-0.6216264306788158,0.2985160413545925
3377,2017-10-09 10:00:00,2.385514000124461,0.0409860000021384,-0.28195402429039207,-0.6331795906931831,0.351225566402791
3378,2017-10-09 12:00:00,2.357313622923465,0.0411650909986635,-0.29125130205505645,-0.6312902561513931,0.34003895409633667
3379,2017-10-09 14:00:00,2.2694017113086984,0.044809190682979484,-0.3202346541315043,-0.5928465401584482,0.27261188602694386
3380,2017-10-09 16:00:00,2.3128,0.044368,-0.3059268332964032,-0.5975009159397134,0.29157408264331025
3381,2017-10-09 18:00:00,2.263582312,0.0384016,-0.3221532303055334,-0.6604439216120076,0.3382906913064742
3382,2017-10-09 20:00:00,2.306901023831593,0.0393460116515808,-0.3078716448701604,-0.650480776676631,0.34260913180647057
3383,2017-10-09 22:00:00,2.182022804988,0.0394981747875,-0.34904228166945866,-0.6488755197164412,0.29983323804698253
3384,2017-10-10 00:00:00,2.178895516570339,0.038969134919404014,-0.35007330578881635,-0.6544566673797617,0.30438336159094537
3385,2017-10-10 02:00:00,2.2324742616,0.041193097000000005,-0.33240912806266554,-0.6309948046394291,0.2985856765767636
3386,2017-10-10 04:00:00,2.274490313366901,0.0402633178876864,-0.31855701179247625,-0.6408035824519015,0.32224657065942525
3387,2017-10-10 06:00:00,2.2307292000000003,0.038782800000000006,-0.3329844509491649,-0.6564224222552298,0.32343797130606494
3388,2017-10-10 08:00:00,2.2138017451667125,0.039439125002970005,-0.3385652007495019,-0.6494984700587949,0.310933269309293
3389,2017-10-10 10:00:00,2.236552197,0.038336497,-0.3310646886656345,-0.6611307308266569,0.33006604216102237
3390,2017-10-10 12:00:00,2.2475564799441834,0.035563519999116805,-0.32743672743646984,-0.6903844696131499,0.3629477421766801
3391,2017-10-10 14:00:00,2.2136574611272968,0.0392982498951588,-0.3386127692193097,-0.6509846430793845,0.3123718738600748
3392,2017-10-10 16:00:00,2.280166,0.037485000000000004,-0.31668581571743765,-0.6701136653434411,0.35342784962600343
3393,2017-10-10 18:00:00,2.268276625830415,0.0374052946488525,-0.32060557938991624,-0.6709545232090535,0.3503489438191372
3394,2017-10-10 20:00:00,2.225165168461943,0.036838877881563994,-0.3348188358700461,-0.6769299814076862,0.3421111455376401
3395,2017-10-10 22:00:00,2.1942,0.037826099999999994,-0.3450276274109671,-0.6665152040879405,0.3214875766769734
3396,2017-10-11 00:00:00,2.2200057,0.0382554,-0.336519841890881,-0.6619862700012019,0.3254664281103209
3397,2017-10-11 02:00:00,2.1981541,0.03822052,-0.3437240148476585,-0.6623542393022629,0.31863022445460437
3398,2017-10-11 04:00:00,2.228154416500846,0.038605222008677706,-0.3338333217711718,-0.6582957952297327,0.3244624734585609
3399,2017-10-11 06:00:00,2.2143699199511744,0.0383994783806562,-0.3383778813121635,-0.6604663038020034,0.32208842248983993
3400,2017-10-11 08:00:00,2.245684384587956,0.0395793697215155,-0.3280539316108938,-0.6480189473793033,0.3199650157684095
3401,2017-10-11 10:00:00,2.2003173582543085,0.045126836924466,-0.3430108182572846,-0.5894955061715099,0.24648468791422534
3402,2017-10-11 12:00:00,2.2584369399291733,0.049264899998455014,-0.32384958893946447,-0.5458406845808688,0.2219910956414043
3403,2017-10-11 14:00:00,2.2253835999080422,0.053869199997774,-0.33474682201674033,-0.49726725990701537,0.16252043789027504
3404,2017-10-11 16:00:00,2.2086736469726023,0.054608600999322604,-0.3402558644230868,-0.4894668909350099,0.14921102651192308
3405,2017-10-11 18:00:00,2.2427377125704733,0.047508439969718014,-0.3290254089791799,-0.5643705976862508,0.23534518870707083
3406,2017-10-11 20:00:00,2.210168014322003,0.0446469430612512,-0.3397631919942466,-0.5945581841941749,0.25479499219992835
3407,2017-10-11 22:00:00,2.220140200004606,0.0475252000000986,-0.33647549908322083,-0.564193786428656,0.2277182873454352
3408,2017-10-12 00:00:00,2.3167621915238525,0.04930415896835519,-0.304620553068607,-0.5454265189927227,0.24080596592411563
3409,2017-10-12 02:00:00,2.301089399971644,0.0483491699994042,-0.30978765758533033,-0.5555012501689194,0.24571359258358905
3410,2017-10-12 04:00:00,2.396304190957482,0.046619366076643104,-0.27839664629529254,-0.5737499525895262,0.2953533062942337
3411,2017-10-12 06:00:00,2.397060120033266,0.047413600000657995,-0.27814742684202565,-0.5653711193928921,0.28722369255086644
3412,2017-10-12 08:00:00,2.45085397,0.04889342900000001,-0.26041233196699204,-0.5497595470712895,0.28934721510429745
3413,2017-10-12 10:00:00,2.6677537332908616,0.047660661694648,-0.1889034534852583,-0.5627647226366874,0.37386126915142914
3414,2017-10-12 12:00:00,2.6585865953935706,0.045312393310919095,-0.19192573317785352,-0.5875379644905888,0.39561223131273526
3415,2017-10-12 14:00:00,2.4806353,0.0487695,-0.25059383573775185,-0.5510669457958072,0.3004731100580553
3416,2017-10-12 16:00:00,2.30064408,0.04635792,-0.3099344734750972,-0.5765080985209331,0.26657362504583587
3417,2017-10-12 18:00:00,2.3854546,0.04564726,-0.28197360769711155,-0.5840052620384767,0.30203165434136514
3418,2017-10-12 20:00:00,2.331632995415458,0.04477693418617901,-0.29971785288914904,-0.5931868326063365,0.2934689797171875
3419,2017-10-12 22:00:00,2.4408637313804857,0.0463620451920852,-0.26370597668383,-0.5764645794828501,0.3127586027990201
3420,2017-10-13 00:00:00,2.3679068,0.0459266,-0.28775887679461193,-0.5810583427564141,0.2932994659618022
3421,2017-10-13 02:00:00,2.183036800003803,0.044714600000077896,-0.3487079814135893,-0.593844432001171,0.2451364505875817
3422,2017-10-13 04:00:00,2.145913902261888,0.04295153084330999,-0.36094689188190826,-0.6124440686220963,0.25149717674018807
3423,2017-10-13 06:00:00,2.1629895,0.0437875,-0.35531730139673934,-0.6036249463085736,0.2483076449118342
3424,2017-10-13 08:00:00,2.159576159842416,0.0450679139967114,-0.3564426328532711,-0.5901171182283425,0.23367448537507135
3425,2017-10-13 10:00:00,2.2308567296118347,0.0440527616002337,-0.33294240618444443,-0.600826548211203,0.26788414202675853
3426,2017-10-13 12:00:00,2.1692853,0.0530145,-0.3532416624457574,-0.5062839847005255,0.1530423222547681
3427,2017-10-13 14:00:00,2.2122152,0.05208594,-0.3390882629410455,-0.5160799013918411,0.17699163845079563
3428,2017-10-13 16:00:00,2.150633248054997,0.0541392547076832,-0.3593909882713536,-0.49441829652245445,0.13502730825110087
3429,2017-10-13 18:00:00,2.147774026174897,0.0508953810041445,-0.3603336345281971,-0.5286397970792461,0.16830616255104902
3430,2017-10-13 20:00:00,2.177958410523381,0.0506019771703446,-0.3503822568057272,-0.5317350838811937,0.18135282707546652
3431,2017-10-13 22:00:00,2.2474713316958703,0.050819662291500006,-0.32746479964664277,-0.5294385975886792,0.2019737979420364
3432,2017-10-14 00:00:00,2.249098678872455,0.047909461219535904,-0.3269282855917982,-0.5601399924968571,0.23321170690505888
3433,2017-10-14 02:00:00,2.270967888498602,0.048398328945238295,-0.31971830698269027,-0.5549826440066642,0.23526433702397392
3434,2017-10-14 04:00:00,2.219101920003953,0.0480558400000856,-0.33681780576567283,-0.5585957580482042,0.22177795228253133
3435,2017-10-14 06:00:00,2.206125,0.04888125,-0.34109611839059456,-0.5498880303888819,0.20879191199828734
3436,2017-10-14 08:00:00,2.274160799947581,0.0478271999988976,-0.3186656478495321,-0.5610078137085169,0.24234216585898483
3437,2017-10-14 10:00:00,2.21427675,0.05046345,-0.33840859816780045,-0.5331964871509656,0.19478788898316513
3438,2017-10-14 12:00:00,2.2569728599842005,0.050340339999647606,-0.3243322760262743,-0.5344952457743394,0.2101629697480651
3439,2017-10-14 14:00:00,2.3451999957933998,0.0487915999124822,-0.29524499885432515,-0.5508338010323444,0.2555888021780192
3440,2017-10-14 16:00:00,2.2885575,0.0506575,-0.31391925320637215,-0.5311493414264569,0.21723008822008472
3441,2017-10-14 18:00:00,2.43433008,0.04841452,-0.26586003197425756,-0.5548118352020741,0.28895180322781655
3442,2017-10-14 20:00:00,2.376526649946129,0.05408104999877409,-0.28491703043675337,-0.495032331673135,0.2101153012363816
3443,2017-10-14 22:00:00,2.383543275570913,0.0552359104849053,-0.28260374515906656,-0.48284904021945013,0.20024529506038358
3444,2017-10-15 00:00:00,2.3827149,0.05401665,-0.2828768492286097,-0.49571172452110585,0.21283487529249617
3445,2017-10-15 02:00:00,2.3276636656910257,0.052225638438818,-0.3010264864838189,-0.5146061417332644,0.21357965524944544
3446,2017-10-15 04:00:00,2.3090828202869416,0.050987200006336005,-0.30715233648904344,-0.5276711452999883,0.22051880881094482
3447,2017-10-15 06:00:00,2.2999990710638265,0.0505005943936375,-0.3101471240789368,-0.5328046294512775,0.2226575053723407
3448,2017-10-15 08:00:00,2.2054034999761583,0.0459539999995032,-0.34133398705742335,-0.5807692843084135,0.2394352972509901
3449,2017-10-15 10:00:00,2.13506756,0.04122004,-0.3645227822333263,-0.6307105673436011,0.2661877851102748
3450,2017-10-15 12:00:00,2.18698103545527,0.044300313905148006,-0.3474076210566991,-0.5982149757164975,0.2508073546597984
3451,2017-10-15 14:00:00,2.24396200014616,0.043497490002833185,-0.32862177814921406,-0.6066844295642542,0.2780626514150401
3452,2017-10-15 16:00:00,2.260103023132332,0.043790424419184,-0.32330030414769007,-0.6035940949185751,0.280293790770885
3453,2017-10-15 18:00:00,2.22892422,0.04350546,-0.33357952811072406,-0.6066003494528169,0.2730208213420929
3454,2017-10-15 20:00:00,2.336353607112,0.044390718535128,-0.29816153192758665,-0.5972612449680341,0.29909971304044747
3455,2017-10-15 22:00:00,2.3482935,0.04229100000000001,-0.294225112926207,-0.6194123906617157,0.3251872777355087
3456,2017-10-16 00:00:00,2.2921408631516003,0.044197468623641004,-0.3127378674995557,-0.5992999500958995,0.28656208259634386
3457,2017-10-16 02:00:00,2.2707058498908608,0.0435917999979048,-0.3198046975193796,-0.6056894988598517,0.28588480134047206
3458,2017-10-16 04:00:00,2.251770839976121,0.0439060799995344,-0.3260473107085319,-0.6023739772848214,0.27632666657628957
3459,2017-10-16 06:00:00,2.235825557,0.04117127,-0.3313042519121387,-0.631225070291214,0.2999208183790753
3460,2017-10-16 08:00:00,2.2229804998191742,0.0408290999966788,-0.3355390911719808,-0.6348348196308384,0.29929572845885766
3461,2017-10-16 10:00:00,2.308789159987967,0.041846119999781904,-0.30724915226383126,-0.6241056871851165,0.31685653492128524
3462,2017-10-16 12:00:00,2.4625026420389347,0.0416669040006588,-0.25657192448720734,-0.6259963404516377,0.3694244159644303
3463,2017-10-16 14:00:00,2.37449484,0.04245264,-0.2855868903219432,-0.6177071567791619,0.3321202664572187
3464,2017-10-16 16:00:00,2.410471670334723,0.0425544680059092,-0.27372582256635636,-0.616632914228622,0.34290709166226563
3465,2017-10-16 18:00:00,2.42627616,0.04229478,-0.26851529898720167,-0.6193725132546628,0.35085721426746114
3466,2017-10-16 20:00:00,2.373359842179015,0.0427926575454435,-0.2859610835438556,-0.6141201149630702,0.3281590314192146
3467,2017-10-16 22:00:00,2.3884395,0.04317985,-0.2809895270870562,-0.6100353977360289,0.32904587064897267
3468,2017-10-17 00:00:00,2.2839805665263806,0.0417349823532672,-0.31542820542751926,-0.6252781425208266,0.3098499370933073
3469,2017-10-17 02:00:00,2.3732205139007996,0.0420389053199256,-0.2860070181671342,-0.6220718833001373,0.3360648651330031
3470,2017-10-17 04:00:00,2.3825669999830117,0.05609999999960001,-0.28292560983665177,-0.4737332599793055,0.19080765014265372
3471,2017-10-17 06:00:00,2.3477217400125032,0.0419095200002232,-0.2944136143558365,-0.6234368438981428,0.3290232295423063
3472,2017-10-17 08:00:00,2.3638627008923643,0.0405898614586465,-0.28909216082991174,-0.637358685388481,0.3482665245585692
3473,2017-10-17 10:00:00,2.3278056605370003,0.039809607876000005,-0.30097967272970605,-0.6455900318751976,0.34461035914549154
3474,2017-10-17 12:00:00,2.30445439464075,0.0400556072959374,-0.30867826497358225,-0.6429948416625902,0.334316576689008
3475,2017-10-17 14:00:00,2.35606844,0.04140708,-0.2916618217947307,-0.6287373741649764,0.3370755523702457
3476,2017-10-17 16:00:00,2.3653455998611097,0.0414755999975646,-0.28860326936895375,-0.6280145170659931,0.33941124769703934
3477,2017-10-17 18:00:00,2.386176279647781,0.0422849599937584,-0.2817356798107326,-0.6194761101822183,0.33774043037148566
3478,2017-10-17 20:00:00,2.369359356680229,0.0406128138024897,-0.2872799887702159,-0.6371165478333867,0.3498365590631708
3479,2017-10-17 22:00:00,2.410521883163492,0.0416216516721502,-0.2737092680850781,-0.6264737334474142,0.3527644653623361
3480,2017-10-18 00:00:00,2.3335545,0.0395295,-0.29908435916950005,-0.6485450519254662,0.34946069275596614
3481,2017-10-18 02:00:00,2.3144036097,0.0403192806,-0.3053981451621721,-0.6402131994204937,0.3348150542583216
3482,2017-10-18 04:00:00,2.3714389203499047,0.0405313068875462,-0.28659438513702773,-0.6379764114378416,0.35138202630081383
3483,2017-10-18 06:00:00,2.24648485396,0.039011004489999994,-0.3277900278325522,-0.6540149610544199,0.32622493322186774
3484,2017-10-18 08:00:00,2.305138149831804,0.039392649997125696,-0.3084528402606803,-0.6499887617852093,0.34153592152452894
3485,2017-10-18 10:00:00,2.277607722835977,0.03904894251122701,-0.3175292446270367,-0.6536147309181086,0.33608548629107193
3486,2017-10-18 12:00:00,2.1932129425015,0.038961782860909004,-0.34535304673666767,-0.6545342284986198,0.3091811817619521
3487,2017-10-18 14:00:00,2.270998719978728,0.041316119999612995,-0.319708142266361,-0.6296969638371928,0.30998882157083174
3488,2017-10-18 16:00:00,2.324474879935143,0.0412339199988495,-0.30207778543252234,-0.6305641392049722,0.3284863537724499
3489,2017-10-18 18:00:00,2.2987598405637986,0.040903200010032004,-0.3105556813862056,-0.6340530957167851,0.32349741433057955
3490,2017-10-18 20:00:00,2.343501756147345,0.04170127217682,-0.2958048851844902,-0.625633770676386,0.3298288854918958
3491,2017-10-18 22:00:00,2.374455289884756,0.0421119099979561,-0.2855999294527473,-0.6213017147121482,0.3357017852594009
3492,2017-10-19 00:00:00,2.435464008060217,0.042566214317456,-0.26548619143780505,-0.6165089955918698,0.3510228041540647
3493,2017-10-19 02:00:00,2.4039893069691267,0.041919577607246496,-0.2758629689013814,-0.6233307403824688,0.34746777148108743
3494,2017-10-19 04:00:00,2.425879795869812,0.041478541997774,-0.26864597480717534,-0.6279834802035856,0.3593375053964103
3495,2017-10-19 06:00:00,2.4417611192458843,0.0418286441388222,-0.2634101202068835,-0.6242900501536595,0.360879929946776
3496,2017-10-19 08:00:00,2.4112468999238414,0.0428564799986464,-0.2734702399984336,-0.6134468149774893,0.3399765749790557
3497,2017-10-19 10:00:00,2.4391018571254737,0.043039299944156,-0.2642868424722025,-0.6115181415953461,0.3472312991231436
3498,2017-10-19 12:00:00,2.32543775,0.04207875,-0.30176034037210875,-0.6216515387164799,0.3198911983443712
3499,2017-10-19 14:00:00,2.258625415,0.040668005,-0.3237874512924145,-0.636534303958026,0.31274685266561153
3500,2017-10-19 16:00:00,2.2971810047717187,0.0422400989375785,-0.3110762019026206,-0.6199493754198149,0.3088731735171943
3501,2017-10-19 18:00:00,2.3170887973,0.0412449571,-0.3045128756216445,-0.6304477024390293,0.3259348268173848
3502,2017-10-19 20:00:00,2.3491598000041085,0.0418022350000731,-0.29393950569094485,-0.6245686554382675,0.3306291497473226
3503,2017-10-19 22:00:00,2.4033047569563863,0.041699513655353994,-0.27608865565609714,-0.6256523223367859,0.3495636666806888
3504,2017-10-20 00:00:00,2.39993784,0.04169304,-0.27719868201960884,-0.6257206166726781,0.34852193465306924
3505,2017-10-20 02:00:00,2.4345858758733785,0.0417302274580298,-0.2657756995815061,-0.6253283046617991,0.359552605080293
3506,2017-10-20 04:00:00,2.4334843020299237,0.0416368091957846,-0.26613887337623554,-0.626313827960672,0.3601749545844365
3507,2017-10-20 06:00:00,2.3591168841816144,0.0413118800732267,-0.29065679153912327,-0.6297416932738016,0.3390849017346783
3508,2017-10-20 08:00:00,2.414915359888832,0.041512799998089,-0.2722607990388331,-0.6276220727370817,0.3553612736982486
3509,2017-10-20 10:00:00,2.3474405903752156,0.042088064108335,-0.2945063055369745,-0.6215532787986463,0.3270469732616718
3510,2017-10-20 12:00:00,2.37587867958252,0.0415442999927,-0.2851306573826202,-0.6272897610684914,0.3421591036858712
3511,2017-10-20 14:00:00,2.2516593840000003,0.04276656,-0.3260840562159108,-0.614395433069614,0.28831137685370317
3512,2017-10-20 16:00:00,2.2351882698,0.041888211200000004,-0.331514356765419,-0.6236616427606593,0.29214728599524026
3513,2017-10-20 18:00:00,2.238952859977898,0.0435184799995704,-0.33027322299247047,-0.6064629939441664,0.2761897709516959
3514,2017-10-20 20:00:00,2.206184324,0.038916188,-0.34107656008106635,-0.6550152350668724,0.3139386749858061
3515,2017-10-20 22:00:00,2.20487624,0.03966704,-0.3415078174433645,-0.6470940628868219,0.3055862454434574
3516,2017-10-21 00:00:00,2.2259765,0.0403535,-0.33455135098447947,-0.6398521991710464,0.30530084818656694
3517,2017-10-21 02:00:00,2.2232399424562903,0.0397955371992176,-0.33545355649121844,-0.6457384715856642,0.3102849150944458
3518,2017-10-21 04:00:00,2.199072029844499,0.041350799997076006,-0.3434213859618122,-0.6293311044786131,0.28590971851680086
3519,2017-10-21 06:00:00,2.1897017999390758,0.0402037999988814,-0.34651062230530366,-0.6414314710970906,0.294920848791787
3520,2017-10-21 08:00:00,2.1602447999999996,0.04001130000000001,-0.35622219135969263,-0.6434622649629911,0.28724007360329845
3521,2017-10-21 10:00:00,2.1552783999788554,0.0423227199995848,-0.35785954536236825,-0.6190777580333652,0.26121821267099693
3522,2017-10-21 12:00:00,2.1391022677588354,0.0392775599588484,-0.3631925943969801,-0.6512029131884193,0.2880103187914392
3523,2017-10-21 14:00:00,2.1201881900689377,0.038997340001268,-0.3694283065185615,-0.6541591156521283,0.28473080913356674
3524,2017-10-21 16:00:00,2.0371833262905468,0.0377899423474052,-0.3967938721939939,-0.666896652085455,0.2701027798914611
3525,2017-10-21 18:00:00,2.047133363367875,0.0392937751093928,-0.3935134813744923,-0.651031850183476,0.25751836880898366
3526,2017-10-21 20:00:00,2.0529435579898188,0.0367180369998179,-0.3915979398594993,-0.6782048017860032,0.28660686192650386
3527,2017-10-21 22:00:00,2.112102253192621,0.0368372458874748,-0.37209412905670847,-0.6769471982575812,0.30485306920087274
3528,2017-10-22 00:00:00,2.119638037955945,0.0394298064485855,-0.36960968412818895,-0.6495967768805772,0.2799870927523882
3529,2017-10-22 02:00:00,1.9939656801136527,0.038241576520837206,-0.41104213766852005,-0.6621321018809544,0.25108996421243435
3530,2017-10-22 04:00:00,2.028732796360768,0.03771031417842201,-0.399579896063667,-0.6677366957117595,0.2681567996480925
3531,2017-10-22 06:00:00,2.033713880041308,0.0375473092587708,-0.39793770105978676,-0.6694563289214367,0.27151862786164993
3532,2017-10-22 08:00:00,2.001232799023459,0.0372613022600644,-0.40864626818876976,-0.6724735822302818,0.263827314041512
3533,2017-10-22 10:00:00,2.0241420000907366,0.0382220000017134,-0.40109341865874637,-0.6623386259078807,0.26124520724913436
3534,2017-10-22 12:00:00,2.054250313528068,0.041520090030885005,-0.39116712047282853,-0.6275451659632098,0.23637804549038122
3535,2017-10-22 14:00:00,2.1095400000105475,0.0399000000001995,-0.37293886880495153,-0.6446364330574483,0.2716975642524968
3536,2017-10-22 16:00:00,2.1009735789026815,0.0403952939315172,-0.37576310040728983,-0.6394112908061103,0.2636481903988204
3537,2017-10-22 18:00:00,2.066953536609792,0.040199402986221495,-0.3869790419710591,-0.6414778577276876,0.2544988157566285
3538,2017-10-22 20:00:00,2.0803203056967843,0.0408540788407586,-0.3825722014478938,-0.6345713033522447,0.2519991019043509
3539,2017-10-22 22:00:00,2.12325053557376,0.0403741429818677,-0.3684186931872654,-0.6396344244115948,0.2712157312243294
3540,2017-10-23 00:00:00,2.1188334900105783,0.0383975100001917,-0.36987493255624193,-0.6604870693863999,0.29061213683015796
3541,2017-10-23 02:00:00,2.0984605607846407,0.0400449133016152,-0.3765916080298841,-0.6431076587960848,0.26651605076620066
3542,2017-10-23 04:00:00,2.270831379881747,0.0385754399979912,-0.3197633120022729,-0.6586099828919031,0.33884667088963016
3543,2017-10-23 06:00:00,2.2589264399769653,0.038187159999610594,-0.3236882074842555,-0.6627061732479819,0.3390179657637264
3544,2017-10-23 08:00:00,2.2662899999651342,0.0380834999994141,-0.32126054270307813,-0.6637997425662236,0.3425391998631455
3545,2017-10-23 10:00:00,2.21002038144,0.03816260184,-0.3398118645315462,-0.6629652514827082,0.323153386951162
3546,2017-10-23 12:00:00,2.0547570750144004,0.0378407250002652,-0.3910000481579696,-0.6663609164983302,0.27536086834036055
3547,2017-10-23 14:00:00,2.0471268357661887,0.036578537995822204,-0.3935156334352815,-0.679676457491249,0.28616082405596754
3548,2017-10-23 16:00:00,2.097215700057508,0.0371689500010192,-0.3770020215458448,-0.6734478596446238,0.29644583809877906
3549,2017-10-23 18:00:00,2.0408212639965466,0.0377032479999362,-0.39559449400475355,-0.6678112409169945,0.27221674691224096
3550,2017-10-23 20:00:00,2.035268399923915,0.0371931999986096,-0.3974251971653785,-0.6731920323893467,0.27576683522396817
3551,2017-10-23 22:00:00,2.0183309999965795,0.0373469999999367,-0.4030092257268859,-0.6715695071889025,0.2685602814620166
3552,2017-10-24 00:00:00,1.9024178472715727,0.0374927016367432,-0.4412242031288293,-0.670032416321382,0.22880821319255268
3553,2017-10-24 02:00:00,2.033962875876047,0.0386884384542068,-0.39785561054655305,-0.6574178967980208,0.2595622862514677
3554,2017-10-24 04:00:00,2.08584745,0.03984749,-0.38074997774265323,-0.6451903914310755,0.26444041368842225
3555,2017-10-24 06:00:00,2.24542533632653,0.038880833915664,-0.3281393362713976,-0.655388205757892,0.32724886948649445
3556,2017-10-24 08:00:00,2.205999965190133,0.0404874391232476,-0.34113734065330764,-0.6384391978646781,0.2973018572113704
3557,2017-10-24 10:00:00,2.254546862058364,0.0397327277237136,-0.3251320942844571,-0.6464010850834052,0.3212689907989481
3558,2017-10-24 12:00:00,2.53809594667038,0.041144584058766,-0.23164984825758123,-0.6315065957253891,0.3998567474678079
3559,2017-10-24 14:00:00,2.4198508099441143,0.0396281599990848,-0.27063364881560964,-0.6475042305118797,0.37687058169627
3560,2017-10-24 16:00:00,2.4712238258830785,0.0397535775166291,-0.253696669732358,-0.6461811285545526,0.39248445882219457
3561,2017-10-24 18:00:00,2.372271300004184,0.0396333000000699,-0.2863199609760907,-0.647450005667558,0.36113004469146726
3562,2017-10-24 20:00:00,2.347985128175396,0.0389682129463713,-0.2943267788893147,-0.654466393806724,0.3601396149174093
3563,2017-10-24 22:00:00,2.4148200336000003,0.0395528968,-0.27229222680943443,-0.6482982255452179,0.37600599873578344
3564,2017-10-25 00:00:00,2.30198904,0.03885804,-0.3094910586011316,-0.6556286719624598,0.3461376133613282
3565,2017-10-25 02:00:00,2.3833371000817096,0.039902400001367994,-0.2826717183914006,-0.644611114056516,0.36193939566511546
3566,2017-10-25 04:00:00,2.2794166707514902,0.03925390591265,-0.31693285929812903,-0.6514524534076533,0.3345195941095243
3567,2017-10-25 06:00:00,2.334143599991604,0.0398095999998568,-0.29889014097823025,-0.6455901149651893,0.346699973986959
3568,2017-10-25 08:00:00,2.4002889400000003,0.03988624,-0.2770829291628329,-0.6447815952608889,0.36769866609805596
3569,2017-10-25 10:00:00,2.177473146999004,0.039696679643472,-0.3505422415372446,-0.6467813771387689,0.2962391356015243
3570,2017-10-25 12:00:00,2.24330793,0.03868819,-0.32883741610976636,-0.6574205178852004,0.32858310177543404
3571,2017-10-25 14:00:00,2.3078874000126803,0.038383800000210896,-0.30754645016547066,-0.660631704108604,0.3530852539431333
3572,2017-10-25 16:00:00,2.263831968018023,0.0387701009407457,-0.32207092213892136,-0.6565563919787946,0.3344854698398732
3573,2017-10-25 18:00:00,2.34372268,0.03988187,-0.2957320496189113,-0.6448276969193073,0.349095647300396
3574,2017-10-25 20:00:00,2.340094199,0.040121389999999986,-0.2969283100618253,-0.6423008618565179,0.3453725517946926
3575,2017-10-25 22:00:00,2.3582875886041306,0.0395084252000692,-0.29093019892222033,-0.648767382183509,0.3578371832612887
3576,2017-10-26 00:00:00,2.3364271005810004,0.038997299051059996,-0.298137302138378,-0.6541595476595656,0.3560222455211876
3577,2017-10-26 02:00:00,2.34987949,0.0409457,-0.2937022337655176,-0.6336047387327364,0.3399025049672188
3578,2017-10-26 04:00:00,2.249054800086653,0.04054100000156201,-0.3269427518259436,-0.6378741531697939,0.3109314013438503
3579,2017-10-26 06:00:00,2.2879277999840344,0.0407545199997156,-0.3141268566690889,-0.6356216071697052,0.32149475050061627
3580,2017-10-26 08:00:00,2.29841431,0.0407327,-0.3106695980762172,-0.6358517989714396,0.32518220089522243
3581,2017-10-26 10:00:00,2.393199,0.0400921,-0.2794203851849629,-0.6426098590132859,0.363189473828323
3582,2017-10-26 12:00:00,2.31107904,0.04008366,-0.30649421021579104,-0.6426988974565472,0.33620468724075614
3583,2017-10-26 14:00:00,2.2823635999692358,0.0416636999994384,-0.31596129713444215,-0.6260301413143001,0.31006884417985797
3584,2017-10-26 16:00:00,2.243241,0.043599599999999995,-0.32885948201322407,-0.6056072121247817,0.2767477301115577
3585,2017-10-26 18:00:00,2.159963684421645,0.0418342190036445,-0.35631487131206735,-0.6242312376791134,0.267916366367046
3586,2017-10-26 20:00:00,2.1178813679800754,0.0411764967319853,-0.3701888341370736,-0.6311699304713899,0.2609810963343163
3587,2017-10-26 22:00:00,2.166662400003685,0.0404544000000688,-0.3541063966172498,-0.6387877466910475,0.28468135007379775
3588,2017-10-27 00:00:00,2.235296,0.0404005,-0.3314788395953506,-0.6393563689775298,0.30787752938217916
3589,2017-10-27 02:00:00,2.2254307900262567,0.0404623780004774,-0.33473126408169357,-0.6387035821487822,0.30397231806708863
3590,2017-10-27 04:00:00,2.165373048625285,0.040218234281331006,-0.3545314780910116,-0.6412791955000638,0.28674771740905225
3591,2017-10-27 06:00:00,2.1607662499852887,0.0397149999997296,-0.35605027644809206,-0.6465881051007158,0.2905378286526238
3592,2017-10-27 08:00:00,2.20368943,0.04848978,-0.3418990924304059,-0.5540178739177323,0.21211878148732638
3593,2017-10-27 10:00:00,2.14083688457088,0.046249057696572005,-0.3626207150138822,-0.577656549945941,0.21503583493205874
3594,2017-10-27 12:00:00,2.1160539445211537,0.043495160167528,-0.37079131059936216,-0.6067090083448974,0.23591769774553523
3595,2017-10-27 14:00:00,2.13696079,0.04328997,-0.36389861025658504,-0.608873678142198,0.2449750678856129
3596,2017-10-27 16:00:00,2.2004516097618643,0.0479517299948106,-0.34296655737569515,-0.5596940747303856,0.21672751735469042
3597,2017-10-27 18:00:00,2.2038525718355872,0.04474594596225,-0.34184530680372144,-0.5935137453098994,0.251668438506178
3598,2017-10-27 20:00:00,2.1438087048,0.0444687768,-0.3616409466249756,-0.5964377631685223,0.23479681654354667
3599,2017-10-27 22:00:00,2.159267570002103,0.045303747736381086,-0.35654437069316924,-0.587629171658594,0.23108480096542472
3600,2017-10-28 00:00:00,2.1482365026906725,0.04587313327516801,-0.3601811623610289,-0.5816223941717363,0.22144123181070746
3601,2017-10-28 02:00:00,2.160634462934909,0.046064811545694,-0.35609372483193574,-0.5796002691936971,0.22350654436176137
3602,2017-10-28 04:00:00,2.15264466,0.04632507,-0.3587278533274991,-0.5768546521774655,0.21812679884996633
3603,2017-10-28 06:00:00,2.162244090248795,0.0466771254535692,-0.35556305277290173,-0.5731406155035971,0.21757756273069534
3604,2017-10-28 08:00:00,2.1483777536152795,0.044638642722960004,-0.3601345938675925,-0.5946457492652638,0.2345111553976713
3605,2017-10-28 10:00:00,2.2030249458468805,0.044805942923091716,-0.34211816374628706,-0.5928808026566109,0.25076263891032385
3606,2017-10-28 12:00:00,2.190119018900407,0.046140870597901805,-0.34637307093340053,-0.5787978782452953,0.23242480731189474
3607,2017-10-28 14:00:00,2.3140413025127424,0.045485958918160006,-0.3055175928749476,-0.5857069204772676,0.28018932760231996
3608,2017-10-28 16:00:00,2.33167439217208,0.044600177200800006,-0.29970420494599814,-0.5950515443141214,0.2953473393681233
3609,2017-10-28 18:00:00,2.2945018798388315,0.0460021533977712,-0.3119594726649142,-0.5802612862492281,0.26830181358431393
3610,2017-10-28 20:00:00,2.323941283802197,0.047251828896338416,-0.3022537047624941,-0.5670777363707683,0.2648240316082742
3611,2017-10-28 22:00:00,2.31745318,0.04838274,-0.30439274364077085,-0.55514710080952,0.25075435716874916
3612,2017-10-29 00:00:00,2.2967482408891624,0.0484663653557292,-0.31121887822194655,-0.5542648885475178,0.24304601032557122
3613,2017-10-29 02:00:00,2.3117308183771503,0.048344834003427206,-0.3062793278200636,-0.555546993099225,0.24926766527916133
3614,2017-10-29 04:00:00,2.3165100780000003,0.047755374,-0.304703671441201,-0.5617655477283663,0.2570618762871653
3615,2017-10-29 06:00:00,2.349719481256649,0.0478066383347032,-0.2937549864546432,-0.5612247306007835,0.2674697441461403
3616,2017-10-29 08:00:00,2.331826345376381,0.0470819591682864,-0.2996541080576642,-0.5688697904161439,0.26921568235847976
3617,2017-10-29 10:00:00,2.236247687982384,0.046181353107002,-0.3311650811142334,-0.5783708048342061,0.24720572371997274
3618,2017-10-29 12:00:00,2.249166794145084,0.0447500581603625,-0.3269058289202036,-0.5934703633527526,0.266564534432549
3619,2017-10-29 14:00:00,2.33066825010922,0.047501250002226,-0.3000359161909382,-0.5644464488133346,0.2644105326223964
3620,2017-10-29 16:00:00,2.267455586832461,0.0480312529928856,-0.3208762646919316,-0.5588551406128419,0.23797887592091033
3621,2017-10-29 18:00:00,2.357592995418976,0.0505966044595712,-0.2911591967731993,-0.5317917637157147,0.2406325669425154
3622,2017-10-29 20:00:00,2.45225460016375,0.049304200003292296,-0.25995056340321926,-0.5454260860914288,0.2854755226882096
3623,2017-10-29 22:00:00,2.45516795,0.04794745,-0.2589900719012724,-0.5597392268719853,0.3007491549707129
3624,2017-10-30 00:00:00,2.459999999844,0.0488924999968995,-0.25739701131019693,-0.5497693476625044,0.29237233635230747
3625,2017-10-30 02:00:00,2.435555334418391,0.0464149809718556,-0.2654560823895066,-0.5759061293141796,0.31045004692467304
3626,2017-10-30 04:00:00,2.4582945,0.0472395,-0.2579592912280945,-0.5672078010315624,0.3092485098034679
3627,2017-10-30 06:00:00,2.525168799950809,0.050881599999008806,-0.2359117513129835,-0.5287851808759119,0.2928734295629284
3628,2017-10-30 08:00:00,2.4522343999999996,0.0518672,-0.25995722312028413,-0.5183875162116248,0.2584302930913407
3629,2017-10-30 10:00:00,2.444456916,0.051149580000000014,-0.2625213529736846,-0.5259581047961231,0.26343675182243853
3630,2017-10-30 12:00:00,2.4579586407469516,0.0541151069559567,-0.25807001941953567,-0.49467304512695537,0.2366030257074197
3631,2017-10-30 14:00:00,2.44083252646866,0.0550216314159,-0.2637162645154713,-0.48510959409714094,0.22139332958166963
3632,2017-10-30 16:00:00,2.4489161614979915,0.052617496099741985,-0.2610512008647195,-0.510472208545032,0.24942100768031245
3633,2017-10-30 18:00:00,2.535196070020858,0.0517821585922559,-0.2326058978345677,-0.5192846672256395,0.2866787693910718
3634,2017-10-30 20:00:00,2.4949057845130107,0.0508118754675763,-0.24588905262764807,-0.5295207452995935,0.28363169267194543
3635,2017-10-30 22:00:00,2.4677625,0.05212375,-0.25483782142474976,-0.5156810218255248,0.260843200400775
3636,2017-10-31 00:00:00,2.4683786581084064,0.0532597754362647,-0.25463468254330945,-0.5036964322105678,0.24906174966725836
3637,2017-10-31 02:00:00,2.4585072,0.05324312,-0.2578891669539953,-0.5038721400443175,0.2459829730903222
3638,2017-10-31 04:00:00,2.3996079902688305,0.0527210400059064,-0.27730742895407096,-0.5093798639699049,0.2320724350158339
3639,2017-10-31 06:00:00,2.405974789948784,0.0536194599988586,-0.2752083823819416,-0.4999019116515063,0.2246935292695647
3640,2017-10-31 08:00:00,2.4160680820744385,0.053035340001634006,-0.27188076233688807,-0.5060641314655664,0.23418336912867832
3641,2017-10-31 10:00:00,2.45342436,0.053655399999999985,-0.2595649096214259,-0.49952275978510374,0.23995785016367782
3642,2017-10-31 12:00:00,2.44509468,0.05092626,-0.26231109092598076,-0.5283140366858284,0.2660029457598477
3643,2017-10-31 14:00:00,2.437650900038358,0.049632550000781,-0.2647652031326778,-0.5419621319893859,0.2771969288567081
3644,2017-10-31 16:00:00,2.4434975000230703,0.0509035500004806,-0.2628376592686606,-0.5285536176104342,0.2657159583417736
3645,2017-10-31 18:00:00,2.380897745212523,0.048784202239027186,-0.28347594025069595,-0.5509118433698077,0.26743590311911175
3646,2017-10-31 20:00:00,2.337248835262064,0.0470376840325088,-0.29786638747917843,-0.5693368744404117,0.27147048696123327
3647,2017-10-31 22:00:00,2.3686414426083493,0.048310661996940715,-0.2875166751978425,-0.555907493367077,0.2683908181692345
3648,2017-11-01 00:00:00,2.4053827632883524,0.04872829992800799,-0.2754035654558023,-0.5515015891930135,0.2760980237372112
3649,2017-11-01 02:00:00,2.3481357449828546,0.0495146743104301,-0.29427712259269895,-0.5432056708480582,0.2489285482553592
3650,2017-11-01 04:00:00,2.4059445668179085,0.048367124727818386,-0.27521834653386296,-0.5553118353505333,0.28009348881667034
3651,2017-11-01 06:00:00,2.42578596,0.04834202,-0.26867691120705806,-0.5555766796495201,0.286899768442462
3652,2017-11-01 08:00:00,2.4831448199962014,0.0502041599999232,-0.24976648139797228,-0.5359318873832,0.28616540598522766
3653,2017-11-01 10:00:00,2.4928000000342,0.0566128000007767,-0.24658330090214736,-0.46832343606826754,0.22174013516612018
3654,2017-11-01 12:00:00,2.5378594458183232,0.0634594238465481,-0.23172781934631811,-0.3960944397622115,0.16436662041589337
3655,2017-11-01 14:00:00,2.467574620527525,0.06907898140865901,-0.25489976271118825,-0.33681047564520117,0.08191071293401292
3656,2017-11-01 16:00:00,2.5154300318923264,0.06686119212200049,-0.23912248963325516,-0.36020721801079847,0.1210847283775433
3657,2017-11-01 18:00:00,2.432046210943573,0.0644290037949675,-0.26661299229263846,-0.38586577990147386,0.1192527876088354
3658,2017-11-01 20:00:00,2.4163139,0.06584695,-0.27179971953674426,-0.3709070449815273,0.09910732544478307
3659,2017-11-01 22:00:00,2.5208841021619697,0.06537597463029997,-0.2373243574351128,-0.3758756366559943,0.13855127922088153
3660,2017-11-02 00:00:00,2.5329291973713,0.0648808447815726,-0.23335325467060736,-0.38109904790515103,0.14774579323454368
3661,2017-11-02 02:00:00,2.5287742019477117,0.0623693324831868,-0.23472309970100094,-0.4075944442653237,0.17287134456432277
3662,2017-11-02 04:00:00,2.545844616364956,0.0593567682990352,-0.22909521808566402,-0.43937572686977605,0.21028050878411203
3663,2017-11-02 06:00:00,2.5555287099223696,0.0575161599982528,-0.22590250519886304,-0.4587933687839317,0.23289086358506864
3664,2017-11-02 08:00:00,2.2610250000845,0.058786650002197,-0.32299634098592706,-0.4453902346452797,0.12239389365935266
3665,2017-11-02 10:00:00,2.1360009,0.05807274000000001,-0.3642150728304689,-0.45292168431640345,0.08870661148593456
3666,2017-11-02 12:00:00,2.20458,0.057120000000000004,-0.3416054837102152,-0.4629726898179156,0.12136720610770041
3667,2017-11-02 14:00:00,2.1184428894577967,0.057625581998852,-0.3700037082037575,-0.45763901278963204,0.08763530458587454
3668,2017-11-02 16:00:00,2.1383064999999997,0.0574765,-0.3634549481179012,-0.45921176505219885,0.09575681693429766
3669,2017-11-02 18:00:00,2.3229695666006367,0.05839439916041269,-0.30257406660259345,-0.4495283157258965,0.14695424912330307
3670,2017-11-02 20:00:00,2.4340899689769513,0.0566413210152,-0.2659391932868787,-0.4680225513852719,0.20208335809839317
3671,2017-11-02 22:00:00,2.31958475,0.059080250000000015,-0.3036899942334286,-0.4422928783957657,0.13860288416233713
3672,2017-11-03 00:00:00,2.400387901002284,0.0587368333307027,-0.27705030307703465,-0.445915779536075,0.16886547645904032
3673,2017-11-03 02:00:00,2.3684783724254017,0.0584534307808224,-0.2875704372016339,-0.4489055570073572,0.1613351198057233
3674,2017-11-03 04:00:00,2.366604947360168,0.05814435126416801,-0.28818807976288835,-0.45216621565745896,0.1639781358945706
3675,2017-11-03 06:00:00,2.363351289990257,0.0566878299997663,-0.28926076599341294,-0.46753190119765975,0.1782711352042468
3676,2017-11-03 08:00:00,2.38066639999029,0.0575896499997651,-0.2835522115989583,-0.45801808023773205,0.17446586863877372
3677,2017-11-03 10:00:00,2.32391500008932,0.0570415500021924,-0.30226237014230656,-0.4638003042348161,0.16153793409250955
3678,2017-11-03 12:00:00,2.3163298002346218,0.06017845000609549,-0.3047631065490214,-0.43070733112890786,0.12594422457988647
3679,2017-11-03 14:00:00,2.3310170470361764,0.0682467018079399,-0.299920922625772,-0.34559067469806337,0.04566975207229135
3680,2017-11-03 16:00:00,2.31051534,0.06800976,-0.3066800543780372,-0.34809031092110654,0.041410256543069346
3681,2017-11-03 18:00:00,2.388600898645941,0.0670141289429025,-0.2809363161661008,-0.3585937990000822,0.07765748283398138
3682,2017-11-03 20:00:00,2.3294699999637003,0.0641663099990001,-0.3004309628371247,-0.388637088745945,0.08820612590882027
3683,2017-11-03 22:00:00,2.3510387999406,0.0649029195983602,-0.29332002517106265,-0.38086616789069067,0.08754614271962802
3684,2017-11-04 00:00:00,2.32071329012216,0.064341201116922,-0.3033179300262903,-0.3867920611535287,0.0834741311272384
3685,2017-11-04 02:00:00,2.3883722873751103,0.0653741096867768,-0.2810116861680656,-0.37589531102424945,0.09488362485618385
3686,2017-11-04 04:00:00,2.3791797258884113,0.0656212424396031,-0.28404234766955705,-0.3732881646272671,0.08924581695771006
3687,2017-11-04 06:00:00,2.3489369999967287,0.06584059999990831,-0.29401295979901637,-0.3709740348065123,0.07696107500749594
3688,2017-11-04 08:00:00,2.3323513679672216,0.066103923999071,-0.29948101530698995,-0.36819607758390765,0.0687150622769177
3689,2017-11-04 10:00:00,2.3107990191986705,0.06436805563188,-0.3065865292351889,-0.38650875733760487,0.07992222810241595
3690,2017-11-04 12:00:00,2.377005837078233,0.06613934700217679,-0.28475904900846716,-0.36782237982891014,0.08306333082044298
3691,2017-11-04 14:00:00,2.3553564,0.06609960000000001,-0.2918965716213862,-0.36824169395191053,0.07634512233052432
3692,2017-11-04 16:00:00,2.3334965771845306,0.066801224957267,-0.2991034555276974,-0.36083984632770183,0.061736390800004426
3693,2017-11-04 18:00:00,2.3462242100331334,0.0675193646368316,-0.29490732946042103,-0.3532637753427973,0.05835644588237626
3694,2017-11-04 20:00:00,2.38430199,0.06670461,-0.2823536074130002,-0.36185909341192096,0.07950548599892077
3695,2017-11-04 22:00:00,2.3947602599967492,0.0666622999999095,-0.27890565916732213,-0.36230544608282655,0.08339978691550443
3696,2017-11-05 00:00:00,2.4126143972384844,0.06743057527867351,-0.2730193948807939,-0.35420046565423874,0.08118107077344483
3697,2017-11-05 02:00:00,2.385299581844708,0.067539814865787,-0.2820247150577701,-0.35304803404534163,0.07102331898757153
3698,2017-11-05 04:00:00,2.3653294453065272,0.067971371579268,-0.28860859530413707,-0.3484952925823906,0.05988669727825352
3699,2017-11-05 06:00:00,2.3161545001216566,0.06793875000356851,-0.3048209005930797,-0.3488394364588139,0.044018535865734176
3700,2017-11-05 08:00:00,2.3211529959788555,0.06938794322891599,-0.30317296503325813,-0.33355105864249307,0.030378093609234935
3701,2017-11-05 10:00:00,2.34084108339,0.07014972149901,-0.2966820725174681,-0.3255146189174398,0.028832546399971737
3702,2017-11-05 12:00:00,2.3191221378527715,0.070698481518196,-0.30384251111642757,-0.31972543197047815,0.015882920854050575
3703,2017-11-05 14:00:00,2.255432904,0.070763982,-0.3248399784030341,-0.3190344294903012,-0.005805548912732883
3704,2017-11-05 16:00:00,2.2740150000000003,0.06611905,-0.3187137160934803,-0.36803650464842347,0.04932278855494315
3705,2017-11-05 18:00:00,2.2857615,0.0668431,-0.31484105607605445,-0.3603980822736204,0.045557026197565964
3706,2017-11-05 20:00:00,2.2382708999725587,0.0673169699991747,-0.33049805585725245,-0.3553989534780346,0.024900897620782125
3707,2017-11-05 22:00:00,2.2876159141668704,0.0692903888068995,-0.3142296811473704,-0.33458021668391524,0.020350535536544867
3708,2017-11-06 00:00:00,2.3010996799812102,0.0678955199994456,-0.3097842684071048,-0.34929549478455835,0.03951122637745352
3709,2017-11-06 02:00:00,2.30320419,0.06603729,-0.30909044030460275,-0.3688990381935707,0.059808597888967974
3710,2017-11-06 04:00:00,2.2667448348650363,0.0666474956277141,-0.32111058987190455,-0.36246162597071024,0.041351036098805694
3711,2017-11-06 06:00:00,2.2811826401527417,0.0663820796390196,-0.3163506433961817,-0.36526165280128076,0.04891100940509907
3712,2017-11-06 08:00:00,2.3252379000000003,0.0700298,-0.30182622817736826,-0.32677974019533207,0.024953512017963808
3713,2017-11-06 10:00:00,2.3624318832687985,0.0816351543381717,-0.28956388178534626,-0.20434814259266976,-0.0852157391926765
3714,2017-11-06 12:00:00,2.486299340040681,0.09350850000153,-0.24872647938457035,-0.07908934944472953,-0.16963712993984081
3715,2017-11-06 14:00:00,2.3954352800032934,0.09142161000012568,-0.27868311432500265,-0.10110515951375719,-0.17757795481124544
3716,2017-11-06 16:00:00,2.3459564601356364,0.08370528804650249,-0.2949956029310469,-0.1825091043542225,-0.11248649857682438
3717,2017-11-06 18:00:00,2.2584999410754047,0.07528099272386411,-0.32382881832523364,-0.271381869887527,-0.05244694843770664
3718,2017-11-06 20:00:00,2.2702562100000003,0.07682040000000001,-0.3199529376272905,-0.25514177185290093,-0.06481116577438956
3719,2017-11-06 22:00:00,2.2202239235568717,0.07214099208510841,-0.3364478965758036,-0.3045075533844778,-0.03194034319132577
3720,2017-11-07 00:00:00,2.2788676270572576,0.0730875251423784,-0.3171138714772866,-0.2945220285130714,-0.02259184296421518
3721,2017-11-07 02:00:00,2.2832928422388186,0.0709423552824489,-0.3156549386971276,-0.31715266652956,0.001497727832432405
3722,2017-11-07 04:00:00,2.289608224,0.070571092,-0.31357284390793,-0.32106933770365076,0.00749649379572076
3723,2017-11-07 06:00:00,2.30172816,0.07016112,-0.30957706716073197,-0.32539436953548945,0.01581730237475748
3724,2017-11-07 08:00:00,2.306164146886229,0.07003721021315219,-0.3081145830972131,-0.326701565569348,0.01858698247213486
3725,2017-11-07 10:00:00,2.3387499400195684,0.0753672100006306,-0.29737149381924954,-0.2704723139508545,-0.026899179868395018
3726,2017-11-07 12:00:00,2.3010933540000003,0.07225400800000001,-0.309786353996387,-0.3033152831089211,-0.006471070887465902
3727,2017-11-07 14:00:00,2.2978920900653463,0.07834762000222799,-0.3108417668295681,-0.23903024442210907,-0.07181152240745903
3728,2017-11-07 16:00:00,2.4454686444520557,0.094725327616516,-0.26218779997281044,-0.06625233089547578,-0.19593546907733467
3729,2017-11-07 18:00:00,2.422634399979469,0.1009607999991444,-0.2697159373411429,-0.00047072497746621187,-0.2692452123636767
3730,2017-11-07 20:00:00,2.3888861489179827,0.08684039230081601,-0.28084227306189996,-0.14943507564972902,-0.13140719741217094
3731,2017-11-07 22:00:00,2.4731876220654034,0.081476044613705,-0.25304923305269483,-0.20602668313464226,-0.047022549918052575
3732,2017-11-08 00:00:00,2.48887183997947,0.08437839999930401,-0.24787836142111072,-0.17540805691132977,-0.07247030450978095
3733,2017-11-08 02:00:00,2.3944672208787834,0.075392083804761,-0.2790022701472471,-0.2702099057994614,-0.008792364347785686
3734,2017-11-08 04:00:00,2.45430233672,0.081312797085,-0.2592754527330102,-0.20774887576759796,-0.05152657696541227
3735,2017-11-08 06:00:00,2.395582530172484,0.0990522127154014,-0.27863456796287067,-0.020605516514524316,-0.25802905144834637
3736,2017-11-08 08:00:00,2.4311100000066,0.0963603600002616,-0.2669216482040583,-0.04900342827337805,-0.21791821993068022
3737,2017-11-08 10:00:00,2.5446294271931484,0.0970075903997388,-0.2294958492966008,-0.04217542031119406,-0.18732042898540674
3738,2017-11-08 12:00:00,2.4971688520273725,0.1213606629061902,-0.24514295029251806,0.21473923189304303,-0.4598821821855611
3739,2017-11-08 14:00:00,2.48689125,0.10651155,-0.24853133478546668,0.058087348364807286,-0.30661868315027396
3740,2017-11-08 16:00:00,2.4692655600032323,0.1017781200001332,-0.25434228314710877,0.008151656602434169,-0.26249393974954294
3741,2017-11-08 18:00:00,2.34972,0.095112,-0.2937548154320719,-0.062173100199083835,-0.23158171523298804
3742,2017-11-08 20:00:00,2.36530696,0.09915872,-0.28861600840144847,-0.01948190954572733,-0.26913409885572115
3743,2017-11-08 22:00:00,2.540147999996572,0.0964040999998699,-0.23097331440750085,-0.04854198971018226,-0.1824313246973186
3744,2017-11-09 00:00:00,2.54197152023464,0.0949642190578224,-0.23037212478361854,-0.06373212686201989,-0.16663999792159867
3745,2017-11-09 02:00:00,2.5047601479016373,0.09618232192344998,-0.2426402041117224,-0.05088165495590655,-0.19175854915581586
3746,2017-11-09 04:00:00,2.5993810522794103,0.0972123850394551,-0.21144498909478196,-0.04001492316562577,-0.1714300659291562
3747,2017-11-09 06:00:00,2.63523950061748,0.1004914450235468,-0.19962295026059496,-0.005422222177010129,-0.19420072808358482
3748,2017-11-09 08:00:00,2.6072847899927853,0.0959745599997344,-0.20883923512289165,-0.05307345569721071,-0.15576577942568093
3749,2017-11-09 10:00:00,2.6349501211298536,0.09559426600471099,-0.1997183547105667,-0.05708539708328897,-0.14263295762727773
3750,2017-11-09 12:00:00,2.6337964776645086,0.1009392306694338,-0.20009869514581177,-0.0006982723162838113,-0.19940042282952797
3751,2017-11-09 14:00:00,2.643840472961566,0.1028295162060569,-0.19678732758933723,0.019243443501281758,-0.216030771090619
3752,2017-11-09 16:00:00,2.625695227677161,0.1017700232707404,-0.20276956620673836,0.008066239519419665,-0.21083580572615804
3753,2017-11-09 18:00:00,2.555871101,0.097761659,-0.22578962355440188,-0.03422031435391002,-0.19156930920049187
3754,2017-11-09 20:00:00,2.5801300486,0.09452365439999999,-0.21779178109619285,-0.06837989834169413,-0.14941188275449874
3755,2017-11-09 22:00:00,2.5523316,0.09308519999999999,-0.2269565485111413,-0.08355498607609615,-0.14340156243504515
3756,2017-11-10 00:00:00,2.6839009600000003,0.0972166,-0.18357993420131885,-0.039970457108122776,-0.14360947709319608
3757,2017-11-10 02:00:00,2.62057975,0.09587575,-0.20445606906889954,-0.054115859554438116,-0.15034020951446142
3758,2017-11-10 04:00:00,2.6078885270963728,0.0957709331998668,-0.20864019127646083,-0.05522163262451975,-0.1534185586519411
3759,2017-11-10 06:00:00,2.5814715,0.09690337,-0.21734952295954785,-0.04327490160844668,-0.17407462135110116
3760,2017-11-10 08:00:00,2.5971830320688314,0.0872919477481394,-0.21216964622558718,-0.14467135597249792,-0.06749829025308926
3761,2017-11-10 10:00:00,2.5408618656461237,0.08962270437689031,-0.230737962689216,-0.1200828557539063,-0.11065510693530971
3762,2017-11-10 12:00:00,2.4978439999999997,0.085952,-0.24492036326153524,-0.158807240041906,-0.08611312321962925
3763,2017-11-10 14:00:00,2.4657485943,0.08471768939999999,-0.25550177852543987,-0.17182869671547354,-0.08367308180996633
3764,2017-11-10 16:00:00,2.4774666402832737,0.08475950926598402,-0.2516384994072529,-0.17138751475284156,-0.08025098465441136
3765,2017-11-10 18:00:00,2.3128329600035427,0.0805678600001234,-0.3059159668350834,-0.21560764808572774,-0.09030831874935563
3766,2017-11-10 20:00:00,2.3489443850865115,0.07829814616955039,-0.29401052503615704,-0.2395521725078654,-0.05445835252829165
3767,2017-11-10 22:00:00,2.3357930415809998,0.0777986981466695,-0.2983463426983739,-0.24482113867460045,-0.05352520402377345
3768,2017-11-11 00:00:00,2.3968233959585765,0.08225760300393901,-0.27822547152420446,-0.1977815714777422,-0.08044390004646226
3769,2017-11-11 02:00:00,2.4040906000285776,0.0836539000009944,-0.2758295739683054,-0.18305122657866327,-0.09277834738964211
3770,2017-11-11 04:00:00,2.337174037810243,0.0806764406147882,-0.29789104717364684,-0.2144621683584639,-0.08342887881518293
3771,2017-11-11 06:00:00,2.3200717330124436,0.08198784365221659,-0.30352944261026804,-0.2006274189579009,-0.10290202365236714
3772,2017-11-11 08:00:00,2.36437656,0.08602685,-0.28892274852661015,-0.15801760408478424,-0.1309051444418259
3773,2017-11-11 10:00:00,2.254020251121072,0.07586758810299599,-0.3253057106911817,-0.26519353583750704,-0.06011217485367465
3774,2017-11-11 12:00:00,2.257193357426,0.0679092744391308,-0.3242595810425088,-0.34915039124220026,0.02489081019969147
3775,2017-11-11 14:00:00,2.1913102000139357,0.0655418000004168,-0.3459803548501523,-0.37412624888248364,0.02814589403233131
3776,2017-11-11 16:00:00,2.231451600105756,0.07336470000347702,-0.33274628553766833,-0.2915979505339974,-0.04114833500367093
3777,2017-11-11 18:00:00,2.3286269033474762,0.0716152046052868,-0.3007089202334962,-0.31005438972210736,0.009345469488611147
3778,2017-11-11 20:00:00,2.4425600818529665,0.0708044605705216,-0.26314671318829363,-0.3186073976295564,0.055460684441262786
3779,2017-11-11 22:00:00,2.3381190001521635,0.0685440000044608,-0.29757950604398875,-0.3424543040105504,0.04487479796656163
3780,2017-11-12 00:00:00,2.2948954155410357,0.0677303271012111,-0.3118297293388719,-0.3510382102462432,0.039208480907371335
3781,2017-11-12 02:00:00,2.2194522,0.06532908,-0.3367023232529587,-0.37637035524358003,0.039668031990621355
3782,2017-11-12 04:00:00,2.1785471999886536,0.061055999999682,-0.3501881409907318,-0.4214495485088962,0.0712614075181644
3783,2017-11-12 06:00:00,2.237688025610036,0.0626439623515128,-0.3306902215439611,-0.40469721488750376,0.07400699334354266
3784,2017-11-12 08:00:00,2.214182072102545,0.06328184352446399,-0.3384398121726536,-0.3979678373252692,0.05952802515261557
3785,2017-11-12 10:00:00,2.3333127873313466,0.0655125366341808,-0.2991640485227201,-0.3744349650642655,0.07527091654154539
3786,2017-11-12 12:00:00,2.1786009600425507,0.0643276800012564,-0.35017041703795765,-0.38693470322580614,0.036764286187848494
3787,2017-11-12 14:00:00,2.24385906,0.06473991,-0.3286557161041983,-0.382585850458776,0.05393013435457772
3788,2017-11-12 16:00:00,2.168537699946279,0.06236649999845501,-0.3534881359346324,-0.4076243257855938,0.054136189850961414
3789,2017-11-12 18:00:00,2.2078405280975058,0.0606303813843445,-0.34053053229499325,-0.42593964553883423,0.08540911324384098
3790,2017-11-12 20:00:00,2.121526271356,0.058914952716000016,-0.3689871594619512,-0.4440366950832869,0.0750495356213357
3791,2017-11-12 22:00:00,2.0898052499964184,0.05846669999989981,-0.3794451453412488,-0.44876557233793235,0.06932042699668356
3792,2017-11-13 00:00:00,2.1429296,0.056764800000000004,-0.36193077542590246,-0.4667199001314713,0.10478912470556884
3793,2017-11-13 02:00:00,2.191511408332621,0.0596516674080446,-0.34591401922584336,-0.436264665544499,0.09035064631865564
3794,2017-11-13 04:00:00,2.3008746359888885,0.06342656199969371,-0.3098584623262489,-0.39644111839806523,0.08658265607181631
3795,2017-11-13 06:00:00,2.279278345501,0.064357263796,-0.3169784632369171,-0.38662260665830234,0.06964414342138525
3796,2017-11-13 08:00:00,2.330876400010995,0.0651900000003075,-0.29996729202184663,-0.3778375906300019,0.07787029860815525
3797,2017-11-13 10:00:00,2.5396381978470206,0.06547017360298481,-0.2311413891873387,-0.374881877190986,0.14374048800364728
3798,2017-11-13 12:00:00,2.68450239719229,0.06706839293933499,-0.1833816486041135,-0.35802133670535646,0.17463968810124297
3799,2017-11-13 14:00:00,2.775293445442633,0.0664942199903027,-0.15344908464895246,-0.36407861935281854,0.21062953470386608
3800,2017-11-13 16:00:00,2.6163391299893948,0.06508938152567,-0.2058541433518066,-0.3788990731353395,0.1730449297835329
3801,2017-11-13 18:00:00,2.676288214904236,0.06381291100010099,-0.18608975189639582,-0.3923652992568543,0.2062755473604585
3802,2017-11-13 20:00:00,2.627136,0.06265599999999999,-0.20229456332342222,-0.40457022276880406,0.20227565944538184
3803,2017-11-13 22:00:00,2.5935493439182498,0.06385117735589001,-0.21336762339466323,-0.3919616053292789,0.17859398193461565
3804,2017-11-14 00:00:00,2.5474609185376003,0.0622554392435408,-0.228562345417203,-0.4087959699473219,0.18023362453011893
3805,2017-11-14 02:00:00,2.588897028597446,0.0642645736853364,-0.21490142797741854,-0.387600448264843,0.17269902028742448
3806,2017-11-14 04:00:00,2.5853111336423007,0.06278706089032729,-0.2160836483851554,-0.4031875856068157,0.18710393722166033
3807,2017-11-14 06:00:00,2.5622095170150305,0.0640978823711703,-0.22369993468748656,-0.3893589713831521,0.16565903669566556
3808,2017-11-14 08:00:00,2.7282917999999996,0.06226080000000001,-0.1689448828066096,-0.408739416225778,0.23979453341916837
3809,2017-11-14 10:00:00,2.59418547,0.0616608,-0.21315790134615203,-0.41506916337705463,0.2019112620309026
3810,2017-11-14 12:00:00,2.5412816000000005,0.06367239999999999,-0.23059958202687414,-0.3938476310945415,0.16324804906766738
3811,2017-11-14 14:00:00,2.537194986396774,0.064621721729862,-0.23194688250853968,-0.38383268690247657,0.1518858043939369
3812,2017-11-14 16:00:00,2.5444729765085774,0.064464844066524,-0.22954742894252403,-0.3854876801401642,0.15594025119764018
3813,2017-11-14 18:00:00,2.57451997,0.06701013,-0.21964134710213828,-0.35863598616249087,0.1389946390603526
3814,2017-11-14 20:00:00,2.5576764537569083,0.0675982736632957,-0.2251944235000003,-0.3524313183670121,0.12723689486701178
3815,2017-11-14 22:00:00,2.602958042848834,0.0608951906775766,-0.2102657043409475,-0.42314601908972177,0.21288031474877428
3816,2017-11-15 00:00:00,2.7336825000566987,0.0635175000013174,-0.16716764289893374,-0.39548176080353137,0.22831411790459763
3817,2017-11-15 02:00:00,2.68938264,0.06421548,-0.18177269945357935,-0.38811836595634924,0.2063456665027699
3818,2017-11-15 04:00:00,2.646607470013401,0.0639241105805652,-0.19587508659406394,-0.39119219054407683,0.1953171039500129
3819,2017-11-15 06:00:00,2.664185752319109,0.0629751594286906,-0.19007976789825307,-0.4012032252945416,0.21112345739628854
3820,2017-11-15 08:00:00,2.6795065834925023,0.0626980662057189,-0.18502869989340617,-0.40412644202578024,0.21909774213237407
3821,2017-11-15 10:00:00,2.6081999999962746,0.06439999999990799,-0.20853750293134002,-0.38617175771673073,0.17763425478539072
3822,2017-11-15 12:00:00,2.59930481,0.06358357,-0.21147012512909938,-0.39478475016028786,0.18331462503118848
3823,2017-11-15 14:00:00,2.6709352014885765,0.06472624949529121,-0.18785456703516654,-0.38272996302671847,0.19487539599155193
3824,2017-11-15 16:00:00,2.706037775322899,0.0642519039296512,-0.17628172966259384,-0.38773410884810267,0.21145237918550883
3825,2017-11-15 18:00:00,2.6978132,0.0648354,-0.1789932593959867,-0.3815784711996503,0.20258521180366362
3826,2017-11-15 20:00:00,2.6220446991715813,0.0655747709760345,-0.20397309540999314,-0.37377841898416553,0.16980532357417238
3827,2017-11-15 22:00:00,2.6082029843920003,0.06460305849600001,-0.2085365190169823,-0.38402957615476246,0.17549305713778016
3828,2017-11-16 00:00:00,2.562721436321669,0.0627529401241194,-0.2235311619099812,-0.4035475453113219,0.1800163834013407
3829,2017-11-16 02:00:00,2.613045000072084,0.06271250000173001,-0.20694017282637142,-0.4039741715604745,0.19703399873410307
3830,2017-11-16 04:00:00,2.5865410189142017,0.0626869741587584,-0.21567817207148643,-0.4042434584468636,0.18856528637537717
3831,2017-11-16 06:00:00,2.701038539992666,0.061137799999834014,-0.17792990901653727,-0.4205865929790018,0.24265668396246454
3832,2017-11-16 08:00:00,2.6365959168,0.06152256,-0.19917575844030497,-0.4165275371207088,0.2173517786804038
3833,2017-11-16 10:00:00,2.5738298999860967,0.0616095999996672,-0.21986885372556378,-0.4156093018041412,0.1957404480785774
3834,2017-11-16 12:00:00,2.54922042162765,0.063545784423182,-0.22798226136941227,-0.3951833720723264,0.16720111070291413
3835,2017-11-16 14:00:00,2.5696290255471226,0.066398682830675,-0.2212538244383754,-0.36508649612614263,0.14383267168776723
3836,2017-11-16 16:00:00,2.6510330000103286,0.0637560000002484,-0.19441605002359436,-0.3929656863221763,0.19854963629858197
3837,2017-11-16 18:00:00,2.6841246399342293,0.0673822599983489,-0.18350618999342805,-0.35471017150090167,0.17120398150747362
3838,2017-11-16 20:00:00,2.606339999901,0.06484257999753701,-0.20915071946404157,-0.3815027252513903,0.17235200578734872
3839,2017-11-16 22:00:00,2.5932189100232,0.058935007500299987,-0.2134765629199483,-0.4438251255602999,0.2303485626403516
3840,2017-11-17 00:00:00,2.495904399946127,0.0591487599987233,-0.24555982280935212,-0.4415701267803446,0.19601030397099245
3841,2017-11-17 02:00:00,2.5037996,0.0605822,-0.24295688358675702,-0.4264479388393328,0.18349105525257578
3842,2017-11-17 04:00:00,2.3632029378542403,0.05941876038052499,-0.28930967565890064,-0.4387217365344232,0.14941206087552256
3843,2017-11-17 06:00:00,2.25375066,0.0578347,-0.3253945911879789,-0.45543290600288666,0.13003831481490774
3844,2017-11-17 08:00:00,2.3773157922436083,0.0598355593308459,-0.28465686103961313,-0.43432468325367507,0.14966782221406194
3845,2017-11-17 10:00:00,2.5114493567317373,0.059414833030852,-0.2404348636626915,-0.43876316841843094,0.19832830475573943
3846,2017-11-17 12:00:00,2.4945560499137054,0.0594740999979426,-0.2460043553305332,-0.43813792689158676,0.19213357156105357
3847,2017-11-17 14:00:00,2.501387999984268,0.057716999999637,-0.24375195505135908,-0.4566745914062249,0.21292263635486583
3848,2017-11-17 16:00:00,2.424213246823038,0.06205110631777861,-0.26919541318120344,-0.4109515962052473,0.14175618302404386
3849,2017-11-17 18:00:00,2.467287067267736,0.0625639371712,-0.25499456507887774,-0.4055414468160294,0.15054688173715164
3850,2017-11-17 20:00:00,2.434082500003155,0.0611028000000792,-0.26594165570514733,-0.4209558282269063,0.15501417252175897
3851,2017-11-17 22:00:00,2.3274705623174894,0.06534383597469501,-0.3010901500188229,-0.3762146859289299,0.07512453591010704
3852,2017-11-18 00:00:00,2.3590098799684545,0.059524879999204,-0.2906920693612831,-0.4376022192777098,0.1469101499164267
3853,2017-11-18 02:00:00,2.3884851222868635,0.0616334407843242,-0.28097448604451253,-0.41535779157286307,0.13438330552835054
3854,2017-11-18 04:00:00,2.400592531812832,0.062479495223460996,-0.2769828391040774,-0.4064322737796114,0.129449434675534
3855,2017-11-18 06:00:00,2.473519158007901,0.0623337280822947,-0.2529399301974741,-0.4079700556905232,0.15503012549304906
3856,2017-11-18 08:00:00,2.5279433199772052,0.062259259999438585,-0.23499703009612977,-0.4087556625827224,0.17375863248659262
3857,2017-11-18 10:00:00,2.5561740438447673,0.060670533858714,-0.22568974745152057,-0.42551605385507246,0.1998263064035519
3858,2017-11-18 12:00:00,2.47921786404166,0.0631833005985132,-0.25106114494161047,-0.3990074236666284,0.14794627872501792
3859,2017-11-18 14:00:00,2.5543422273300624,0.063735691699253,-0.2262936722440765,-0.3931799303394645,0.166886258095388
3860,2017-11-18 16:00:00,2.5791394229696083,0.0628889010806675,-0.21811837678606266,-0.4021132145156634,0.18399483772960074
3861,2017-11-18 18:00:00,2.6147837408,0.06327524479999999,-0.2063669338447454,-0.398037451087566,0.1916705172428206
3862,2017-11-18 20:00:00,2.6199171580000002,0.063259923,-0.20467451656783672,-0.39819908962073663,0.1935245730528999
3863,2017-11-18 22:00:00,2.63403,0.0602952,-0.20002170603315408,-0.4294756678933601,0.22945396186020603
3864,2017-11-19 00:00:00,2.6477479700304767,0.0606754400006984,-0.19549907937352995,-0.42546429612465664,0.2299652167511267
3865,2017-11-19 02:00:00,2.636944451616228,0.06043857679222001,-0.19906085128945264,-0.42796310315650377,0.22890225186705113
3866,2017-11-19 04:00:00,2.58883399997996,0.0592176399995416,-0.21492220764854544,-0.44084347179874533,0.2259212641501999
3867,2017-11-19 06:00:00,2.63982081,0.06074853,-0.19811255536227257,-0.4246932274332131,0.22658067207094051
3868,2017-11-19 08:00:00,2.9112750002475,0.0615637620052338,-0.10861783019867094,-0.4160928733286162,0.3074750431299453
3869,2017-11-19 10:00:00,3.0196502382039,0.0614801346000794,-0.07288799995878845,-0.41697510721119074,0.3440871072524023
3870,2017-11-19 12:00:00,3.2750769310266,0.062460395756007286,0.011322679024553358,-0.40663376511245475,0.4179564441370081
3871,2017-11-19 14:00:00,3.64814,0.0617079,0.1343164585496482,-0.4145722782256794,0.5488887367753276
3872,2017-11-19 16:00:00,3.1863535980835813,0.06314735850652971,-0.017928187540057764,-0.399386597590534,0.38145841005047626
3873,2017-11-19 18:00:00,3.41296662,0.06040293,0.05678301915162048,-0.4283391617923484,0.48512218094396886
3874,2017-11-19 20:00:00,3.304225433987662,0.0604171839997744,0.020932540854471018,-0.4281887881015712,0.4491213289560422
3875,2017-11-19 22:00:00,3.2985550000000003,0.062061999999999985,0.019063076504624615,-0.41083667244856786,0.4298997489531925
3876,2017-11-20 00:00:00,3.28503375,0.060348,0.014605305742216922,-0.4289186501440478,0.4435239558862647
3877,2017-11-20 02:00:00,3.3033735507894275,0.06024075011316511,0.020651686642465767,-0.4300500912534942,0.45070177789595994
3878,2017-11-20 04:00:00,3.1879950501792576,0.0609028300034245,-0.01738702328675291,-0.4230654274213494,0.4056784041345965
3879,2017-11-20 06:00:00,3.2107017076360003,0.0610835999877749,-0.00990094960845592,-0.42115838026555236,0.4112574306570964
3880,2017-11-20 08:00:00,3.2297340520309974,0.06106116767938401,-0.0036262465755195305,-0.42139503166577535,0.41776878509025583
3881,2017-11-20 10:00:00,3.1722745646807717,0.0617243018833944,-0.022569851843728294,-0.41439924526786065,0.39182939342413237
3882,2017-11-20 12:00:00,3.115166384272506,0.0642445414014953,-0.041397636029233874,-0.38781178041747105,0.3464141443882372
3883,2017-11-20 14:00:00,3.1159368799507097,0.06410039999898601,-0.04114361416684267,-0.38933241147066133,0.3481887973038187
3884,2017-11-20 16:00:00,3.0503187891554377,0.06280480200320039,-0.06277699914472365,-0.4030004243423674,0.3402234251976437
3885,2017-11-20 18:00:00,3.1217668877254,0.06325685535654099,-0.03922154052700735,-0.3982314519664796,0.35900991143947225
3886,2017-11-20 20:00:00,3.1238952500037755,0.063717500000077,-0.03851984866151013,-0.3933718450995248,0.3548519964380146
3887,2017-11-20 22:00:00,3.1016240000037603,0.06269240000007599,-0.04586237447031769,-0.4041862181074915,0.3583238436371738
3888,2017-11-21 00:00:00,3.0603542140572,0.0613725088332552,-0.059468457130086375,-0.4181105136961231,0.35864205656603676
3889,2017-11-21 02:00:00,2.9484655457284172,0.058853972927355,-0.09635661719818472,-0.4446800061557223,0.34832338895753756
3890,2017-11-21 04:00:00,2.8965772557599996,0.0610802097,-0.11346347506506405,-0.421194146372861,0.30773067130779697
3891,2017-11-21 06:00:00,2.944432,0.06568900000000001,-0.0976864219290323,-0.37257335091910077,0.27488692899006845
3892,2017-11-21 08:00:00,2.9829841093109395,0.07175845292132997,-0.0849763199994437,-0.30854318035477496,0.22356686035533124
3893,2017-11-21 10:00:00,3.0141373000183567,0.0656800000004,-0.07470554010178382,-0.3726682971221502,0.2979627570203664
3894,2017-11-21 12:00:00,2.9871555001525354,0.06604675000337258,-0.08360106962449751,-0.36879923914457297,0.2851981695200755
3895,2017-11-21 14:00:00,2.926845758882084,0.06838933176052231,-0.1034843645361209,-0.34408598880465474,0.24060162426853382
3896,2017-11-21 16:00:00,2.9257294598307806,0.069711599995968,-0.10385239303001043,-0.33013661614376166,0.22628422311375124
3897,2017-11-21 18:00:00,2.92876224,0.06803136,-0.10285252698455186,-0.3478624400236606,0.24500991303910877
3898,2017-11-21 20:00:00,2.830278,0.066748,-0.13532143079373657,-0.36140134719709777,0.2260799164033612
3899,2017-11-21 22:00:00,2.86979693,0.06623419,-0.12229258133709346,-0.36682182617009346,0.24452924483299998
3900,2017-11-22 00:00:00,2.9612199174599865,0.0675321588579852,-0.09215167568775721,-0.35312880170129757,0.26097712601354034
3901,2017-11-22 02:00:00,2.884464249946993,0.0676671249987565,-0.11745696702461626,-0.3517049657928544,0.2342479987682381
3902,2017-11-22 04:00:00,2.8787896798730563,0.0666998799970588,-0.11932779498540594,-0.36190899294965856,0.24258119796425262
3903,2017-11-22 06:00:00,2.8834852500035018,0.06497415000007893,-0.11777972988489124,-0.38011471717008494,0.26233498728519367
3904,2017-11-22 08:00:00,2.90087024,0.06664206,-0.11204813701358571,-0.36251896955244145,0.2504708325388557
3905,2017-11-22 10:00:00,2.9322112000141822,0.0659119000003188,-0.10171545214961175,-0.3702218498490385,0.26850639769942675
3906,2017-11-22 12:00:00,2.989169254932405,0.0653088934834835,-0.08293716228010546,-0.37658331448593757,0.2936461522058321
3907,2017-11-22 14:00:00,2.9610116697780002,0.06696956926799999,-0.09222033209364405,-0.35906388479220885,0.2668435526985648
3908,2017-11-22 16:00:00,2.9725652,0.0673178,-0.08841129156660522,-0.35539019731910215,0.26697890575249694
3909,2017-11-22 18:00:00,3.1304363800038217,0.06733002000008219,-0.03636332777273776,-0.35526128146792074,0.318897953695183
3910,2017-11-22 20:00:00,3.04768306776384,0.06574493615447999,-0.06364596035447251,-0.3719832480616458,0.3083372877071733
3911,2017-11-22 22:00:00,3.080117086905,0.0678447123675608,-0.05295290888106338,-0.3498314938898682,0.2968785850088048
3912,2017-11-23 00:00:00,3.0637973078262006,0.06733800500088599,-0.0583333163157624,-0.35517704307443604,0.29684372675867365
3913,2017-11-23 02:00:00,3.051838129639034,0.0674942299920169,-0.06227609341589557,-0.3535289352534876,0.29125284183759204
3914,2017-11-23 04:00:00,3.0648626803609664,0.0680293600080122,-0.057982077596224556,-0.3478835390963062,0.28990146150008167
3915,2017-11-23 06:00:00,3.0922957165741365,0.06709106797064401,-0.04893778163578158,-0.35778212468063414,0.30884434304485253
3916,2017-11-23 08:00:00,3.0795758371923214,0.0655767541040953,-0.05313135149135018,-0.373757497818843,0.3206261463274928
3917,2017-11-23 10:00:00,2.981189700040336,0.06552780000088661,-0.08556791213643469,-0.3742739429777239,0.2887060308412892
3918,2017-11-23 12:00:00,3.1682689500000003,0.06556000000000001,-0.023890448091073303,-0.37393424655662527,0.35004379846555195
3919,2017-11-23 14:00:00,3.137636039988468,0.0666019199997552,-0.033989698575819335,-0.3629424296394444,0.32895273106362505
3920,2017-11-23 16:00:00,3.2136199292480145,0.0665460554805456,-0.008938851948826572,-0.36353177677498516,0.35459292482615856
3921,2017-11-23 18:00:00,3.19129664,0.06559296,-0.0162985343842943,-0.3735865324464485,0.3572879980621542
3922,2017-11-23 20:00:00,3.1786279217940687,0.0666753706669171,-0.02047523710154174,-0.3621675560540654,0.34169231895252367
3923,2017-11-23 22:00:00,3.25672,0.06592,0.005270650519946791,-0.37013639826585937,0.37540704878580616
3924,2017-11-24 00:00:00,3.2258896579655985,0.0655284867687968,-0.0048936905961469756,-0.37426669786568534,0.36937300726953837
3925,2017-11-24 02:00:00,3.2313064031680003,0.066241781264944,-0.0031078639609853635,-0.3667417415240037,0.3636338775630183
3926,2017-11-24 04:00:00,3.1511180970545576,0.06679044260115641,-0.029544849186426733,-0.36095359564082685,0.3314087464544001
3927,2017-11-24 06:00:00,3.37722,0.0695475,0.044997848587442046,-0.3318678019470999,0.37686565053454196
3928,2017-11-24 08:00:00,3.272487910710116,0.068035091698755,0.01046911451904523,-0.34782307217438746,0.3582921866934327
3929,2017-11-24 10:00:00,3.29604720016008,0.06918240000336,0.01823628927678929,-0.3357194530532051,0.3539557423299944
3930,2017-11-24 12:00:00,3.167830124306746,0.07000322442641099,-0.024035122906285036,-0.327060101297363,0.303024978391078
3931,2017-11-24 14:00:00,3.13301755,0.06901388,-0.03551235141021454,-0.3374972680718736,0.30198491666165905
3932,2017-11-24 16:00:00,3.2056356,0.07718580000000001,-0.011571175844859541,-0.2512869558377735,0.23971577999291396
3933,2017-11-24 18:00:00,3.167770421948115,0.071394235197525,-0.02405480595546705,-0.3123855238542732,0.28833071789880615
3934,2017-11-24 20:00:00,3.2050468800000003,0.07178303999999999,-0.011765268758106696,-0.30828379703615866,0.296518528278052
3935,2017-11-24 22:00:00,3.1975007107,0.07231456259999999,-0.014253137326006813,-0.3026764575975101,0.2884233202715033
3936,2017-11-25 00:00:00,3.2247347644363105,0.072699071390352,-0.005274443160336957,-0.29862005189689106,0.2933456087365541
3937,2017-11-25 02:00:00,3.2752676324561776,0.07302203824516759,0.0113855506715623,-0.2952128876815149,0.3065984383530772
3938,2017-11-25 04:00:00,3.2740280999841236,0.0745709599996384,0.010976893808256232,-0.27887241590999495,0.2898493097182512
3939,2017-11-25 06:00:00,3.385976320081472,0.076553520001842,0.04788468727805635,-0.25795724336635656,0.3058419306444129
3940,2017-11-25 08:00:00,3.346199604,0.07765549081,0.03477084928433725,-0.2463319157268098,0.28110276501114706
3941,2017-11-25 10:00:00,3.3741017996486313,0.0885204535347998,0.04396982067895282,-0.1317111376334306,0.1756809583123834
3942,2017-11-25 12:00:00,3.453932,0.092794,0.07028874334390432,-0.08662702336018228,0.1569157667040866
3943,2017-11-25 14:00:00,3.4132464,0.07804259999999999,0.05687525878212096,-0.24224807690575081,0.29912333568787175
3944,2017-11-25 16:00:00,3.4715045,0.0788015,0.07608215569279281,-0.23424200171724446,0.31032415741003727
3945,2017-11-25 18:00:00,3.5586393570041297,0.07891431600009159,0.10480932351674253,-0.2330518404585808,0.33786116397532334
3946,2017-11-25 20:00:00,3.8986595051793014,0.0779991321652818,0.21690930503951555,-0.2427066442440502,0.45961594928356575
3947,2017-11-25 22:00:00,3.57060291,0.07846809,0.108753542931331,-0.2377593367134229,0.34651287964475386
3948,2017-11-26 00:00:00,3.3932916,0.08016480000000001,0.050296434782143795,-0.21985976123168544,0.27015619601382923
3949,2017-11-26 02:00:00,3.3672004180364,0.08038970631542401,0.04169452977232643,-0.21748709438275346,0.2591816241550799
3950,2017-11-26 04:00:00,3.422780741212728,0.07997981792219999,0.060018600373831645,-0.22181124419833856,0.2818298445721702
3951,2017-11-26 06:00:00,3.3634952774759164,0.08012773630134001,0.04047299572324553,-0.2202507676333669,0.2607237633566124
3952,2017-11-26 08:00:00,3.4645629114152654,0.0819412092318875,0.07379360909852876,-0.20111939243995008,0.27491300153847886
3953,2017-11-26 10:00:00,3.4928346199960933,0.08351827999990659,0.08311440384124295,-0.18448196043789944,0.2675963642791424
3954,2017-11-26 12:00:00,3.5740000000000003,0.08354225,0.10987351693368058,-0.18422908703822052,0.29410260397190113
3955,2017-11-26 14:00:00,3.4996913999883925,0.0937966499996889,0.08537499020522062,-0.07604948839475191,0.16142447859997253
3956,2017-11-26 16:00:00,3.5760399600078085,0.12914190000028195,0.110546063782477,0.2968280041092676,-0.18628194032679057
3957,2017-11-26 18:00:00,3.64993029436,0.17839926309999998,0.13490669405702435,0.8164724270423266,-0.6815657329853022
3958,2017-11-26 20:00:00,3.668621100027929,0.1730499000013174,0.14106879645379516,0.7600389006506099,-0.6189701041968148
3959,2017-11-26 22:00:00,3.6260904976179056,0.1597834326710471,0.12704703989053465,0.6200832609984733,-0.49303622110793865
3960,2017-11-27 00:00:00,3.7236663028373536,0.16011121583816632,0.1592164452062886,0.6235412352789886,-0.4643247900727
3961,2017-11-27 02:00:00,3.6151460212648465,0.143627467605912,0.12343879607457618,0.449644637919869,-0.3262058418452928
3962,2017-11-27 04:00:00,3.639777128126104,0.14025987146920052,0.13155933433929667,0.4141179178315366,-0.28255858349223995
3963,2017-11-27 06:00:00,3.757973380034864,0.1507535400013986,0.17052701824315453,0.5248216986617387,-0.35429468041858414
3964,2017-11-27 08:00:00,3.552749872593397,0.20242247849677505,0.10286764124536824,1.0699072257460602,-0.967039584500692
3965,2017-11-27 10:00:00,3.5737308599888284,0.1803276299994363,0.10978478516163317,0.8368158851895316,-0.7270311000278985
3966,2017-11-27 12:00:00,3.599143437788031,0.2059594296334039,0.11816296368142198,1.1072205697148618,-0.9890576060334398
3967,2017-11-27 14:00:00,3.644574232,0.245686454,0.13314087372310263,1.5263239352367883,-1.3931830615136858
3968,2017-11-27 16:00:00,3.572257240395748,0.24041182951511306,0.10929895298362123,1.4706788697246775,-1.3613799167410563
3969,2017-11-27 18:00:00,3.603055190382699,0.2324950500246945,0.11945261488573244,1.3871601823467412,-1.2677075674610088
3970,2017-11-27 20:00:00,3.46350022,0.298561,0.07344325430733471,2.0841281134343577,-2.0106848591270228
3971,2017-11-27 22:00:00,3.5445150000474497,0.2486987100033293,0.10015271665870076,1.5581019666634377,-1.4579492500047369
3972,2017-11-28 00:00:00,3.5546997142581005,0.23174424192905,0.10351047731187386,1.3792394733391395,-1.2757289960272657
3973,2017-11-28 02:00:00,3.5912219004296877,0.22104600002644806,0.1155513414106007,1.2663775296613693,-1.1508261882507687
3974,2017-11-28 04:00:00,3.666790220052053,0.225839800003206,0.14046518042525208,1.3169500992391578,-1.1764849188139057
3975,2017-11-28 06:00:00,3.6463496299703997,0.2343518762180976,0.13372619809504202,1.4067489161935895,-1.2730227180985476
3976,2017-11-28 08:00:00,3.6262382400331936,0.2255460800020646,0.1270957485394568,1.3138514770049952,-1.1867557284655383
3977,2017-11-28 10:00:00,3.6733870799740966,0.212437799998502,0.14264007470530649,1.1755646469871854,-1.032924572281879
3978,2017-11-28 12:00:00,3.669973877472573,0.2027409952831617,0.14151478863209072,1.0732674436148346,-0.931752654982744
3979,2017-11-28 14:00:00,3.6428016599963136,0.2516945399997453,0.13255648103364742,1.5897067106393088,-1.4571502296056613
3980,2017-11-28 16:00:00,3.68059896,0.24752682,0.14501773268230303,1.5457390209797992,-1.4007212882974962
3981,2017-11-28 18:00:00,3.671736599523487,0.2274271999704848,0.14209593392714964,1.3336964999405239,-1.1916005660133742
3982,2017-11-28 20:00:00,3.6268294499598124,0.2150188199976174,0.1272906623473759,1.2027933202984995,-1.0755026579511235
3983,2017-11-28 22:00:00,3.7763216589312028,0.2044165536164685,0.1765761942590259,1.0909438779265785,-0.9143676836675526
3984,2017-11-29 00:00:00,3.8079836545406094,0.21867668634156606,0.18701472015767376,1.2413822687490985,-1.0543675485914248
3985,2017-11-29 02:00:00,3.5962259084325,0.19707317978210104,0.11720109424926503,1.0134743785785016,-0.8962732843292366
3986,2017-11-29 04:00:00,3.4397150000933387,0.18805500000510295,0.06560159337529442,0.9183363823232457,-0.8527347889479513
3987,2017-11-29 06:00:00,3.806114549989141,0.2074609499994081,0.18639850201057792,1.123060976813693,-0.936662474803115
3988,2017-11-29 08:00:00,3.886882,0.19623800000000002,0.21302642303952335,1.0046635838342388,-0.7916371607947155
3989,2017-11-29 10:00:00,3.84736620004637,0.186597800002249,0.19999860551625886,0.9029635363784039,-0.7029649308621451
3990,2017-11-29 12:00:00,4.1207244,0.19565,0.29012105657793397,0.9984604316259874,-0.7083393750480534
3991,2017-11-29 14:00:00,3.865563119992853,0.2024942399996256,0.20599788056133997,1.070664279359793,-0.864666398798453
3992,2017-11-29 16:00:00,3.79589,0.18114349999999999,0.18302760804734466,0.8454229698759983,-0.6623953618286537
3993,2017-11-29 18:00:00,3.396288,0.15888,0.05128430678454589,0.6105524270385889,-0.559268120254043
3994,2017-11-29 20:00:00,3.6110592000286585,0.1697472000013472,0.12209142713916966,0.7251968074567222,-0.6031053803175526
3995,2017-11-29 22:00:00,3.48437628,0.16202339999999998,0.080325805099774,0.6437139723641266,-0.5633881672643526
3996,2017-11-30 00:00:00,3.6839920004463287,0.17264000002091598,0.14613637160232223,0.7557146285951861,-0.6095782569928638
3997,2017-11-30 02:00:00,3.6272893360810716,0.1729701734437653,0.12744228049698386,0.7591978190663657,-0.6317555385693818
3998,2017-11-30 04:00:00,3.6645023507603884,0.17594210003650818,0.13971090128415256,0.7905503922067278,-0.6508394909225753
3999,2017-11-30 06:00:00,3.5898161400891158,0.1664926932344016,0.11508788149785937,0.6908631325619154,-0.5757752510640561
4000,2017-11-30 08:00:00,3.59024200416929,0.16885672777949629,0.11522828304692924,0.7158027007741362,-0.600574417727207
4001,2017-11-30 10:00:00,3.4702483004110345,0.144965693795354,0.07566800390953024,0.46376236027050943,-0.3880943563609792
4002,2017-11-30 12:00:00,3.127033774758324,0.13266424627501608,-0.03748512007591935,0.33398727293978087,-0.37147239301570023
4003,2017-11-30 14:00:00,3.204808330111123,0.12840817600742038,-0.011843915386192986,0.28908752518653635,-0.30093144057272936
4004,2017-11-30 16:00:00,3.3293361025172303,0.13928447937589922,0.029211184026930626,0.4038279422916173,-0.37461675826468666
4005,2017-11-30 18:00:00,3.35770272003432,0.1450449488945058,0.03856326894482523,0.4645984681673098,-0.42603519922248456
4006,2017-11-30 20:00:00,3.2845508509807977,0.1444924578517924,0.014446100555640513,0.4587699204944415,-0.444323819938801
4007,2017-11-30 22:00:00,3.3576125976484112,0.146237309868366,0.038533556829677434,0.47717737396328463,-0.43864381713360723
4008,2017-12-01 00:00:00,3.2961493946579314,0.14411470060190698,0.0182699814017483,0.45478474070054764,-0.43651475929879935
4009,2017-12-01 02:00:00,3.271826774420853,0.14643194845517118,0.010251146947981658,0.479230729030549,-0.4689795820825673
4010,2017-12-01 04:00:00,3.2907040000000003,0.14836866,0.016474709433853596,0.49966221967009017,-0.4831875102362366
4011,2017-12-01 06:00:00,3.23229998,0.1517019,-0.002780295300403386,0.5348264969942919,-0.5376067922946952
4012,2017-12-01 08:00:00,3.41082832,0.160208,0.056078050955539645,0.6245622674000809,-0.5684842164445413
4013,2017-12-01 10:00:00,3.2912609999999995,0.15740900000000002,0.01665834469794957,0.5950339969393761,-0.5783756522414265
4014,2017-12-01 12:00:00,3.5971503406286254,0.15652283695125,0.11750586687130193,0.585685350217056,-0.4681794833457541
4015,2017-12-01 14:00:00,3.5623875999492056,0.164532799997654,0.10604506783113359,0.6701870848417332,-0.5641420170105996
4016,2017-12-01 16:00:00,3.4992875000000003,0.1553632,0.08524182991610596,0.57345166906924,-0.4882098391531341
4017,2017-12-01 18:00:00,3.500608,0.15794912,0.08567718066339328,0.600732035324955,-0.5150548546615618
4018,2017-12-01 20:00:00,3.564324,0.157788,0.10668347238180428,0.5990322872232657,-0.4923488148414614
4019,2017-12-01 22:00:00,3.5083865674863195,0.15215241998735998,0.08824166772737989,0.5395792930052669,-0.45133762527788696
4020,2017-12-02 00:00:00,3.617824379704375,0.15215407056062502,0.12432181413451729,0.5395967058576374,-0.41527489172312015
4021,2017-12-02 02:00:00,3.573673109996721,0.15258599999985997,0.10976574578092903,0.5441533794202206,-0.43438763363929156
4022,2017-12-02 04:00:00,3.6557730000000004,0.15245999999999998,0.13683295400897766,0.5428241325199296,-0.4059911785109519
4023,2017-12-02 06:00:00,3.492116414071939,0.15550873594818868,0.08287762119392245,0.5749870119916659,-0.49210939079774346
4024,2017-12-02 08:00:00,3.6953608000398064,0.15751960000169682,0.14988450897360647,0.5962007803488286,-0.4463162713752221
4025,2017-12-02 10:00:00,3.5487855000583366,0.16315500000268202,0.10156064196807625,0.6556518755197286,-0.5540912335516524
4026,2017-12-02 12:00:00,3.53991625,0.1678508,0.09863657181224489,0.7051905866130418,-0.6065540148007968
4027,2017-12-02 14:00:00,3.488482464239122,0.1603961479017988,0.08167955775180075,0.626547148475797,-0.5448675907239962
4028,2017-12-02 16:00:00,3.6177501000000003,0.15764376,0.12429732513428413,0.5975106160080986,-0.4732132908738145
4029,2017-12-02 18:00:00,3.5948149743231284,0.1602000436621248,0.11673592861587757,0.6244783313884144,-0.5077424027725368
4030,2017-12-02 20:00:00,3.6489443313707204,0.1578636943360384,0.13458163557600922,0.5998308305697769,-0.4652491949937677
4031,2017-12-02 22:00:00,3.705003167433292,0.162020342017801,0.1530634653161838,0.6436817119406055,-0.4906182466244217
4032,2017-12-03 00:00:00,3.7165346475586833,0.155250268254934,0.15686523622865517,0.5722602867498728,-0.41539505052121767
4033,2017-12-03 02:00:00,3.65016603704238,0.16133753572375747,0.1349844151876125,0.6364783932829461,-0.5014939780953336
4034,2017-12-03 04:00:00,3.686793500140322,0.15857295000603538,0.14705998764571887,0.607313178997594,-0.4602531913518751
4035,2017-12-03 06:00:00,3.74994919007405,0.158759250003135,0.16788155281656145,0.6092785654574676,-0.44139701264090614
4036,2017-12-03 08:00:00,3.7856705651838793,0.15835239494662348,0.17965840048653237,0.6049864160659071,-0.4253280155793747
4037,2017-12-03 10:00:00,3.9488157999999998,0.16710998,0.23344514785008463,0.6973752478053606,-0.463930099955276
4038,2017-12-03 12:00:00,3.9728999999286,0.1662775499970117,0.24138537839664606,0.68859346207194,-0.44720808367529397
4039,2017-12-03 14:00:00,3.9411147000000004,0.16578729,0.23090620075433724,0.6834214257061575,-0.4525152249518203
4040,2017-12-03 16:00:00,3.8915379999999993,0.16384200000000002,0.21456144241049624,0.6628994359796463,-0.44833799356915005
4041,2017-12-03 18:00:00,3.9248440157234197,0.1731497076010332,0.22554197920288988,0.761091828767238,-0.5355498495643481
4042,2017-12-03 20:00:00,4.316340770083232,0.15377386000296522,0.3546130920927972,0.5566848018715053,-0.2020717097787081
4043,2017-12-03 22:00:00,4.196435999969959,0.16002599999885442,0.31508213315895917,0.6226422440854418,-0.3075601109264826
4044,2017-12-04 00:00:00,4.408317,0.16311912,0.3849363941957427,0.6552733566117882,-0.2703369624160455
4045,2017-12-04 02:00:00,4.255222500003743,0.16259100000014304,0.33446323631694214,0.6497019131707434,-0.3152386768538013
4046,2017-12-04 04:00:00,4.452657999922018,0.162849199997148,0.3995550139999984,0.6524258143299131,-0.2528708003299147
4047,2017-12-04 06:00:00,4.528802880482874,0.16150400001722004,0.4246589372520057,0.6382345214285026,-0.21357558417649686
4048,2017-12-04 08:00:00,4.382635297094733,0.1590033160148571,0.3764694888179161,0.6118533590281697,-0.23538387021025364
4049,2017-12-04 10:00:00,4.22585,0.15699200000000002,0.3247795257328243,0.590634822669239,-0.26585529693641463
4050,2017-12-04 12:00:00,4.18289357506712,0.15996155000256682,0.31061738132137184,0.621962323784773,-0.31134494246340116
4051,2017-12-04 14:00:00,4.243893112338984,0.16317435869294405,0.330728092518259,0.6558561015439596,-0.32512800902570055
4052,2017-12-04 16:00:00,4.271227301415951,0.159613220558716,0.3397397999329897,0.6182875949432388,-0.2785477950102491
4053,2017-12-04 18:00:00,4.264679668690059,0.16087443462257528,0.33758113518465155,0.6315928718230109,-0.2940117366383594
4054,2017-12-04 20:00:00,4.355973000163873,0.1641348000061748,0.36767929503279856,0.6659883526546106,-0.2983090576218121
4055,2017-12-04 22:00:00,4.392919999999999,0.164372,0.3798602143729604,0.6684907126299403,-0.2886304982569799
4056,2017-12-05 00:00:00,4.37780288,0.16499604,0.3748763071493084,0.6750740716504116,-0.30019776450110314
4057,2017-12-05 02:00:00,4.339814750543648,0.1670272500209235,0.3623521416461869,0.6965024813897197,-0.3341503397435328
4058,2017-12-05 04:00:00,4.385372482971736,0.16518819595402248,0.3773719014775279,0.6771012359880358,-0.2997293345105079
4059,2017-12-05 06:00:00,4.64122665,0.169272,0.46172351284620744,0.720183647698699,-0.2584601348524916
4060,2017-12-05 08:00:00,4.9373394584044625,0.167379292765854,0.5593478463715715,0.7002163839928054,-0.14086853762123386
4061,2017-12-05 10:00:00,4.702223,0.16496775,0.4818331732432553,0.6747756240722287,-0.19294245082897338
4062,2017-12-05 12:00:00,4.8112626622181995,0.16311353903617806,0.5177820550536719,0.655214479795366,-0.13743242474169404
4063,2017-12-05 14:00:00,4.837595524382985,0.16159944055634928,0.5264636387126304,0.6392413788962853,-0.11277774018365494
4064,2017-12-05 16:00:00,4.765043600024582,0.15700500000081,0.5025442638647946,0.5907719671993948,-0.08822770333460028
4065,2017-12-05 18:00:00,4.7958300000000005,0.170703,0.5126941178864425,0.7352800946544935,-0.22258597676805103
4066,2017-12-05 20:00:00,4.778932637073075,0.19551832649895,0.5071232889751038,0.9970713316790378,-0.489948042703934
4067,2017-12-05 22:00:00,4.899358277373,0.19830735884604997,0.54682597166888,1.0264944476021614,-0.4796684759332813
4068,2017-12-06 00:00:00,4.8856364700000015,0.18230784,0.5423020798900327,0.8577062662061941,-0.3154041863161614
4069,2017-12-06 02:00:00,4.818275999988191,0.1869047999995419,0.5200942563707066,0.9062022569755818,-0.38610800060487516
4070,2017-12-06 04:00:00,4.7383893000387,0.184393134001506,0.4937567065628064,0.8797052391488719,-0.3859485325860655
4071,2017-12-06 06:00:00,4.91962400031363,0.20892912001331945,0.5535073026999456,1.1385495517522681,-0.5850422490523225
4072,2017-12-06 08:00:00,5.114959080028644,0.2386230910013363,0.6179066006366124,1.451808432204749,-0.8339018315681367
4073,2017-12-06 10:00:00,5.124440354621724,0.31265391893795,0.6210324468913144,2.232802469268792,-1.6117700223774774
4074,2017-12-06 12:00:00,5.177694900004108,0.2961384300002349,0.6385897404382058,2.058571020843055,-1.419981280404849
4075,2017-12-06 14:00:00,4.9912152,0.29985359999999994,0.5771099397939708,2.0977644987139237,-1.520654558919953
4076,2017-12-06 16:00:00,4.9751981979872,0.3048061194381775,0.5718293538071659,2.150011491723,-1.5781821379158343
4077,2017-12-06 18:00:00,4.900111716463497,0.306983619036795,0.5470743702081331,2.1729831948584257,-1.6259088246502926
4078,2017-12-06 20:00:00,4.508528053997812,0.2778434808357236,0.4179746049071412,1.8655670169150305,-1.4475924120078894
4079,2017-12-06 22:00:00,4.721265949216424,0.2837051135632582,0.4881113725404349,1.927404772013267,-1.439293399472832
4080,2017-12-07 00:00:00,4.667625,0.3765909,0.47042668694666445,2.9073106755000158,-2.436883988553351
4081,2017-12-07 02:00:00,4.881316122024842,0.37240423642614784,0.5408777203902013,2.8631431391167754,-2.322265418726574
4082,2017-12-07 04:00:00,4.94509473,0.3888248999999999,0.5619046530997304,3.036374219914544,-2.4744695668148133
4083,2017-12-07 06:00:00,4.903535700013942,0.3831261000010892,0.5482032106453808,2.9762542814832105,-2.42805107083783
4084,2017-12-07 08:00:00,4.882400000020398,0.3499532000014622,0.5412350601064708,2.626294166029508,-2.0850591059230372
4085,2017-12-07 10:00:00,4.5092475999801644,0.3404543999985024,0.418211829353279,2.5260858289307078,-2.107873999577429
4086,2017-12-07 12:00:00,4.8161888536513855,0.34032962873060485,0.5194061528361165,2.5247695446348146,-2.0053633917986984
4087,2017-12-07 14:00:00,4.776224129990676,0.3252080399993652,0.5062303313209154,2.3652431559775815,-1.859012824656666
4088,2017-12-07 16:00:00,4.577292329969981,0.32175389999788995,0.4406452440068448,2.3288034345868343,-1.8881581905799893
4089,2017-12-07 18:00:00,4.607525500669778,0.28927407104737696,0.4506127059205315,1.9861549266310683,-1.535542220710537
4090,2017-12-07 20:00:00,4.682255500002945,0.3049428200001918,0.4752501622283532,2.151453625044647,-1.676203462816294
4091,2017-12-07 22:00:00,4.5321069041047615,0.29830876888724045,0.4257482285453369,2.0814671814886023,-1.6557189529432654
4092,2017-12-08 00:00:00,4.6145814618584655,0.27241347458064,0.4529389595943865,1.808282739207482,-1.3553437796130956
4093,2017-12-08 02:00:00,4.487878999977974,0.2533019999987568,0.4111668948743402,1.6066647362218658,-1.1954978413475255
4094,2017-12-08 04:00:00,4.4672905,0.2399257,0.4043791486790076,1.46555040820228,-1.0611712595232725
4095,2017-12-08 06:00:00,4.56670095,0.27032089,0.43715341122779483,1.7862068537272962,-1.3490534424995013
4096,2017-12-08 08:00:00,4.220759144837207,0.2803963833998145,0.32310114057610057,1.8924990631359322,-1.5693979225598316
4097,2017-12-08 10:00:00,4.170549388128051,0.27567788461645304,0.30654767211381506,1.8427208894154588,-1.5361732173016436
4098,2017-12-08 12:00:00,4.708931797505152,0.2904423952773024,0.4840449718099101,1.998480254907965,-1.514435283098055
4099,2017-12-08 14:00:00,4.532792,0.267672,0.42597409527002866,1.758262180508055,-1.3322880852380263
4100,2017-12-08 16:00:00,4.526578,0.2555788,0.42392542465765176,1.6306840167583585,-1.2067585921007067
4101,2017-12-08 18:00:00,5.05223124028974,0.2608963777036921,0.5972260918096121,1.6867822206277534,-1.0895561288181415
4102,2017-12-08 20:00:00,4.7707968,0.26264,0.5044410150261667,1.705176701066015,-1.2007356860398484
4103,2017-12-08 22:00:00,4.754303409294001,0.2633884088748876,0.49900337021801866,1.7130720993056987,-1.2140687290876802
4104,2017-12-09 00:00:00,4.687147852135538,0.32332042956958,0.4768631036572945,2.345329661409827,-1.8684665577525323
4105,2017-12-09 02:00:00,4.747822949996936,0.30664604999980205,0.4968668516282858,2.16942198377465,-1.672555132146364
4106,2017-12-09 04:00:00,4.796603,0.2858506,0.5129489653893982,1.9500387497817149,-1.4370897843923167
4107,2017-12-09 06:00:00,4.676935206933,0.317781766599,0.4734961345390018,2.2868991011433106,-1.8134029666043088
4108,2017-12-09 08:00:00,4.493024620150956,0.29764000000999996,0.41286333530415065,2.0744119516626434,-1.6615486163584927
4109,2017-12-09 10:00:00,4.4077043999700365,0.2590430999982389,0.3847344283639873,1.6672309218333918,-1.2824964934694045
4110,2017-12-09 12:00:00,4.4989490448753635,0.2432308797771056,0.4148165369179475,1.5004186619999318,-1.0856021250819843
4111,2017-12-09 14:00:00,4.3702714700000005,0.22422357,0.3723933045202836,1.2998995538081566,-0.927506249287873
4112,2017-12-09 16:00:00,4.083097868568943,0.1955477966050182,0.27771610498661087,0.997382228878926,-0.7196661238923152
4113,2017-12-09 18:00:00,4.185600000027,0.1914214400012348,0.31150965252830914,0.9538509056156773,-0.6423412530873682
4114,2017-12-09 20:00:00,4.367858055617973,0.21207963305044603,0.371597634883987,1.171786136621954,-0.800188501737967
4115,2017-12-09 22:00:00,4.448639273692955,0.1939109018682,0.3982300950549276,0.9801136792167352,-0.5818835841618075
4116,2017-12-10 00:00:00,4.04438908,0.18592254,0.2649543480535718,0.8958398279190596,-0.6308854798654877
4117,2017-12-10 02:00:00,3.8008729200029694,0.1683331500001315,0.18467040846155588,0.7102791758451261,-0.5256087673835702
4118,2017-12-10 04:00:00,3.899805725626994,0.17688560233781192,0.21728719820760262,0.8005039438798949,-0.5832167456722923
4119,2017-12-10 06:00:00,4.008244691552745,0.18034680349524326,0.2530380386853346,0.8370181574903052,-0.5839801188049706
4120,2017-12-10 08:00:00,4.0044457776761515,0.19120265818835003,0.25178558885946906,0.9515428496875799,-0.6997572608281108
4121,2017-12-10 10:00:00,4.1047565818799985,0.201013146025,0.28485668584632357,1.0550393620820275,-0.770182676235704
4122,2017-12-10 12:00:00,4.372636926358663,0.2119551136574244,0.37317316305373244,1.1704725094998585,-0.797299346446126
4123,2017-12-10 14:00:00,4.517128000026398,0.1978900000011565,0.42080988921624846,1.0220914876696205,-0.6012815984533721
4124,2017-12-10 16:00:00,4.437869999999999,0.17950418999999998,0.39467961315415473,0.8281289402050662,-0.4334493270509115
4125,2017-12-10 18:00:00,4.457810451391412,0.16817225399967606,0.4012537066145854,0.7085817908442352,-0.3073280842296498
4126,2017-12-10 20:00:00,4.251065066514277,0.151834032269367,0.3330925874896521,0.5362204367536544,-0.2031278492640023
4127,2017-12-10 22:00:00,4.318272518265303,0.15383007382981678,0.3552499629861221,0.5572778340554654,-0.20202787106934328
4128,2017-12-11 00:00:00,4.702160767511743,0.16801439625041958,0.48181265604502116,0.7069164581131301,-0.22510380206810893
4129,2017-12-11 02:00:00,4.674846,0.16325628,0.4728073516540948,0.65672033681057,-0.18391298515647514
4130,2017-12-11 04:00:00,4.597104453542627,0.1779067681030878,0.44717702954467226,0.8112768123694553,-0.364099782824783
4131,2017-12-11 06:00:00,4.67284678,0.17736425,0.47214823622736896,0.8055534750068952,-0.33340523877952627
4132,2017-12-11 08:00:00,4.6180449938141095,0.16495940160050399,0.4540808385986601,0.6746875519756828,-0.22060671337702265
4133,2017-12-11 10:00:00,4.42647764,0.17981912,0.3909237082398295,0.8314513189889857,-0.4405276107491562
4134,2017-12-11 12:00:00,4.582904099602673,0.1843538638333005,0.4424953675230863,0.8792909554233236,-0.43679558790023726
4135,2017-12-11 14:00:00,4.668825600000001,0.1809888,0.47082250830765915,0.8437909500688276,-0.3729684417611685
4136,2017-12-11 16:00:00,4.701505450002889,0.1892317300001163,0.4815966068460889,0.9307503878795081,-0.44915378103341924
4137,2017-12-11 18:00:00,4.78323384,0.19134289999999998,0.5085413366149912,0.9530223417005484,-0.4444810050855572
4138,2017-12-11 20:00:00,4.678304484866475,0.17510445645609002,0.4739475667022599,0.7817136054284995,-0.30776603872623964
4139,2017-12-11 22:00:00,4.521002675999999,0.17714881999999998,0.422087316766876,0.8032807792922292,-0.3811934625253532
4140,2017-12-12 00:00:00,4.639140599960921,0.1781663999984992,0.4610357707459486,0.81401581945339,-0.3529800487074414
4141,2017-12-12 02:00:00,4.586573250128587,0.167893460004707,0.4437050361511563,0.7056406316851546,-0.26193559553399826
4142,2017-12-12 04:00:00,4.708055375349768,0.18025969066776,0.48375602744013674,0.8360991538709687,-0.35234312643083193
4143,2017-12-12 06:00:00,5.012293999918461,0.17509834999715151,0.5840593311581682,0.781649184860049,-0.19758985370188076
4144,2017-12-12 08:00:00,4.917643110438043,0.1795247849940875,0.552854230463951,0.8283462087136597,-0.2754919782497087
4145,2017-12-12 10:00:00,4.783040360034922,0.1768513600012912,0.5084775489229184,0.8001427016598198,-0.2916651527369014
4146,2017-12-12 12:00:00,4.7904558000399495,0.17593824000146718,0.5109223178344319,0.7905096704637202,-0.27958735262928835
4147,2017-12-12 14:00:00,4.8961045,0.16843260000000002,0.5457532458749822,0.7113283314340633,-0.16557508555908107
4148,2017-12-12 16:00:00,4.9017894400211235,0.1676380800007224,0.547627492665198,0.7029464802639636,-0.1553189875987656
4149,2017-12-12 18:00:00,4.874918200073284,0.16945970000254748,0.5387684132317789,0.7221638036260648,-0.18339539039428587
4150,2017-12-12 20:00:00,4.742075000002918,0.16428750000010112,0.49497183131380934,0.6675992732405357,-0.17262744192672635
4151,2017-12-12 22:00:00,5.046907999968898,0.16503875999898296,0.5954710924520439,0.6755247496368529,-0.08005365718480906
4152,2017-12-13 00:00:00,4.918881612140434,0.16745753358531598,0.5532625474966302,0.7010417916663104,-0.14777924416968025
4153,2017-12-13 02:00:00,4.972981758181345,0.1721951066790526,0.5710986239883122,0.7510211913230501,-0.17992256733473788
4154,2017-12-13 04:00:00,5.0977361000000005,0.17962999999999998,0.6122284202307167,0.8294561826869031,-0.21722776245618647
4155,2017-12-13 06:00:00,4.954011600009209,0.1746348000003246,0.5648444229005433,0.7767589277402334,-0.2119145048396901
4156,2017-12-13 08:00:00,4.95686961,0.17787924,0.5657866696140954,0.8109864024826217,-0.24519973286852625
4157,2017-12-13 10:00:00,5.198685,0.17784975,0.6455098886539181,0.8106752954101365,-0.16516540675621838
4158,2017-12-13 12:00:00,5.039390999869952,0.18146624999531705,0.5929928405698514,0.8488278463150528,-0.25583500574520146
4159,2017-12-13 14:00:00,5.424050799921884,0.1766281999974562,0.7198099033521437,0.7977884576622305,-0.07797855431008682
4160,2017-12-13 16:00:00,5.482637999927587,0.1741049999977005,0.7391253000230694,0.7711697609779727,-0.03204446095490332
4161,2017-12-13 18:00:00,5.5281163299965845,0.17945065363625282,0.7541188819851439,0.8275641541285358,-0.07344527214339192
4162,2017-12-13 20:00:00,5.806944089989048,0.1772262599996658,0.8460445720095143,0.8040977386543617,0.04194683335515259
4163,2017-12-13 22:00:00,5.615170999999999,0.2131538,0.7828196132542402,1.1831181452701787,-0.40029853201593846
4164,2017-12-14 00:00:00,5.802368036640947,0.2035140012851556,0.844535909953685,1.0814223311799023,-0.23688642122621728
4165,2017-12-14 02:00:00,5.837891400175211,0.1944972000058374,0.8562474759217295,0.9862988774942502,-0.1300514015725207
4166,2017-12-14 04:00:00,5.602288923914975,0.194173330234125,0.7785725693691755,0.982882187886115,-0.20430961851693952
4167,2017-12-14 06:00:00,6.0198562601522285,0.197883180005004,0.9162387957028998,1.022019539584257,-0.10578074388135728
4168,2017-12-14 08:00:00,5.689412200024858,0.1935457600008456,0.8072959191310543,0.976261586392238,-0.16896566726118378
4169,2017-12-14 10:00:00,5.538166020003394,0.1943473800001191,0.7574321270093551,0.9847183395702509,-0.22728621256089576
4170,2017-12-14 12:00:00,5.388191380101516,0.2000806400037696,0.7079875442335611,1.0452018165296417,-0.3372142722960806
4171,2017-12-14 14:00:00,5.240905199987112,0.1859203799995428,0.6594293097936463,0.8958170408244919,-0.23638773103084554
4172,2017-12-14 16:00:00,5.273122,0.1869325,0.6700507470983176,0.9064944803072318,-0.2364437332089142
4173,2017-12-14 18:00:00,5.231345160044733,0.18975148000162265,0.6562774956830733,0.9362335313651927,-0.27995603568211946
4174,2017-12-14 20:00:00,5.393915000003295,0.2085538000001274,0.7098745432501671,1.1345900837784024,-0.42471554052823535
4175,2017-12-14 22:00:00,5.63080892108956,0.1997706232235322,0.7879752214574671,1.0419312701437158,-0.25395604868624866
4176,2017-12-15 00:00:00,5.434449099990459,0.1929460999996613,0.7232380803346296,0.9699354260851866,-0.24669734575055702
4177,2017-12-15 02:00:00,5.148735599999998,0.1828095,0.629042256229415,0.8629985677993764,-0.23395631156996144
4178,2017-12-15 04:00:00,5.17376,0.184728,0.6372924578503302,0.8832379343155832,-0.245945476465253
4179,2017-12-15 06:00:00,5.89930498,0.18346876,0.8764946912722135,0.8699534829776274,0.006541208294586043
4180,2017-12-15 08:00:00,5.801705999973778,0.1968239999991104,0.844317645540369,1.0108456368759338,-0.16652799133556473
4181,2017-12-15 10:00:00,5.816529599873767,0.18922409999589326,0.8492047832109099,0.9306698945503498,-0.0814651113394399
4182,2017-12-15 12:00:00,5.7760753600194565,0.20038500000067505,0.8358675749174481,1.0484126862352665,-0.2125451113178184
4183,2017-12-15 14:00:00,5.865495630039985,0.2031386200013848,0.8653482120822152,1.077462216827251,-0.21211400474503572
4184,2017-12-15 16:00:00,5.978733599720412,0.1935863999909472,0.9026812183084009,0.9766903211615271,-0.07400910285312623
4185,2017-12-15 18:00:00,6.27942263,0.19073054,1.0018142694506438,0.9465622017579559,0.05525206769268787
4186,2017-12-15 20:00:00,6.282265600114482,0.1917552000034944,1.0027515577231585,0.9573719329881988,0.04537962473495971
4187,2017-12-15 22:00:00,6.1298792,0.1996052,0.9525118506680497,1.0401861248472026,-0.08767427417915297
4188,2017-12-16 00:00:00,6.17473343,0.1903249,0.9672996753931531,0.9422828707005494,0.0250168046926037
4189,2017-12-16 02:00:00,6.12825950030872,0.18997000000957,0.9519778578842706,0.938538825361529,0.01343903252274159
4190,2017-12-16 04:00:00,6.0943555,0.20136500000000002,0.9408001737718645,1.0587512732418969,-0.11795109947003235
4191,2017-12-16 06:00:00,6.2336781,0.1991158,0.986732925020648,1.035023161087478,-0.04829023606683003
4192,2017-12-16 08:00:00,6.266933087536902,0.2023782807979624,0.9976966385194913,1.0694409586491398,-0.07174432012964849
4193,2017-12-16 10:00:00,6.556503000007337,0.2026458000002268,1.0931638689518586,1.0722631734965478,0.020900695455310814
4194,2017-12-16 12:00:00,6.320473999996557,0.1989139999998916,1.0153483433659574,1.0328942561277883,-0.01754591276183093
4195,2017-12-16 14:00:00,6.199872600177892,0.2030678000058266,0.9755877151683365,1.076715095718688,-0.10112738055035142
4196,2017-12-16 16:00:00,6.416523400003426,0.19441740000010385,1.0470145138085876,0.9854570210626439,0.06155749274594369
4197,2017-12-16 18:00:00,6.920999999982,0.20762999999946,1.213333532960168,1.1248443830741126,0.08848914988605538
4198,2017-12-16 20:00:00,6.656002880013844,0.2165523200004504,1.1259676153477964,1.2189710990891909,-0.09300348374139444
4199,2017-12-16 22:00:00,6.73535474,0.21106854,1.1521288357518975,1.1611195310290603,-0.008990695277162786
4200,2017-12-17 00:00:00,6.7086483211542145,0.20147402611861706,1.1433240955762958,1.0599014528481152,0.08342264272818056
4201,2017-12-17 02:00:00,6.57562512,0.20557776,1.099468169768613,1.1031941159235832,-0.003725946154970128
4202,2017-12-17 04:00:00,6.85976841,0.20671371,1.1931463171659555,1.1151779097177374,0.07796840744821809
4203,2017-12-17 06:00:00,6.9046800001376685,0.21809400000434848,1.2079530527420994,1.2352351734439473,-0.02728212070184788
4204,2017-12-17 08:00:00,6.8049240929999995,0.23902362,1.175064897710889,1.4560338443519072,-0.2809689466410181
4205,2017-12-17 10:00:00,6.853817250086648,0.23848650000301494,1.191184301326876,1.4503674547338912,-0.25918315340701525
4206,2017-12-17 12:00:00,6.8258529999999995,0.22536799999999999,1.1819648714347495,1.3119728080287154,-0.13000793659396592
4207,2017-12-17 14:00:00,6.705472228374213,0.2223654633383029,1.1422769813277327,1.2802973115604144,-0.13802033023268168
4208,2017-12-17 16:00:00,6.67870907005609,0.2249923100018896,1.1334535349259418,1.3080094368698783,-0.17455590194393644
4209,2017-12-17 18:00:00,6.872534182776233,0.2194165490819316,1.197355017444512,1.2491875088710391,-0.05183249142652713
4210,2017-12-17 20:00:00,7.280873091588088,0.2254292507642536,1.3319787577684412,1.3126189777796284,0.019359779988812775
4211,2017-12-17 22:00:00,7.011680935877956,0.23016468799599385,1.2432297943816157,1.36257584499239,-0.11934605061077419
4212,2017-12-18 00:00:00,7.046015999988482,0.22385779999963398,1.2545495943200309,1.296040834445091,-0.041491240125060225
4213,2017-12-18 02:00:00,7.367626400000001,0.2322408,1.3605801342521804,1.3844779517308716,-0.02389781747869124
4214,2017-12-18 04:00:00,7.297215042669839,0.2309590472022104,1.3373664750085577,1.3709559998634553,-0.033589524854897634
4215,2017-12-18 06:00:00,7.36577835,0.2319375,1.3599708575020668,1.3812782645459012,-0.02130740704383438
4216,2017-12-18 08:00:00,7.312275509941215,0.23883519999808,1.3423317046042338,1.4540460927345797,-0.11171438813034595
4217,2017-12-18 10:00:00,7.449291360007805,0.2407122900002522,1.3875039520231687,1.4738486012244787,-0.08634464920131002
4218,2017-12-18 12:00:00,7.028863800011323,0.2368464000003816,1.2488947491267872,1.4330650908680957,-0.18417034174130853
4219,2017-12-18 14:00:00,7.1246504700343465,0.235229400001134,1.2804743010955046,1.4160064223033433,-0.13553212120783864
4220,2017-12-18 16:00:00,7.1179571500000005,0.24709097,1.2782676052387942,1.541140987153326,-0.2628733819145317
4221,2017-12-18 18:00:00,6.926388899974099,0.241487612999097,1.215110179411222,1.4820279321299066,-0.26691775271868456
4222,2017-12-18 20:00:00,7.051325600003783,0.2365416000001269,1.2563000966558568,1.4298495793125605,-0.17354948265670367
4223,2017-12-18 22:00:00,7.194360160289793,0.2345493168771459,1.3034566303237358,1.408831831942185,-0.10537520161844927
4224,2017-12-19 00:00:00,7.301361599968798,0.2409263999989704,1.3387335381049392,1.476107371481889,-0.13737383337694986
4225,2017-12-19 02:00:00,7.324547244724204,0.2506054192042496,1.3463775273291767,1.5782169452181676,-0.23183941788899087
4226,2017-12-19 04:00:00,7.3696931001101715,0.2448011000036596,1.3612614969461458,1.5169838236764437,-0.15572232673029784
4227,2017-12-19 06:00:00,7.43337000045087,0.2542995000154245,1.382254898042902,1.6171879410367005,-0.23493304299379858
4228,2017-12-19 08:00:00,7.23210044425678,0.24985329547864504,1.3158990845667236,1.5702823568689126,-0.25438327230218905
4229,2017-12-19 10:00:00,6.68917578,0.22490244,1.1369042657064956,1.3070613462224685,-0.1701570805159729
4230,2017-12-19 12:00:00,6.769019491034232,0.2360292375384294,1.1632276426583692,1.4244443712586425,-0.26121672860027334
4231,2017-12-19 14:00:00,6.857379077402795,0.2399320706704064,1.1923585869639781,1.4656176160903742,-0.2732590291263961
4232,2017-12-19 16:00:00,7.121576245346349,0.2462337796077516,1.2794607713603672,1.5320979897475993,-0.2526372183872321
4233,2017-12-19 18:00:00,6.937419312683162,0.2359439358015976,1.218746755265655,1.4235444738824592,-0.20479771861680418
4234,2017-12-19 20:00:00,6.4031602966594585,0.2129956279272814,1.042608881830644,1.1814494965590085,-0.1388406147283645
4235,2017-12-19 22:00:00,6.59389829999619,0.22745339999986855,1.105492586706635,1.333972899209449,-0.2284803125028141
4236,2017-12-20 00:00:00,5.805382463325912,0.19036641497448,0.8455297251069924,0.9427208361862998,-0.09719111107930734
4237,2017-12-20 02:00:00,6.06905599999632,0.20285159999987698,0.9324592754510779,1.074434276765745,-0.14197500131466723
4238,2017-12-20 04:00:00,6.57073750262692,0.2084283816294624,1.0978567893249742,1.1332669728210114,-0.035410183496037195
4239,2017-12-20 06:00:00,6.192768570057161,0.2003748300018495,0.9732456138265626,1.0483053970334422,-0.07505978320687956
4240,2017-12-20 08:00:00,6.2179515200000015,0.22573144,0.9815480871900735,1.3158069468698155,-0.334258859679742
4241,2017-12-20 10:00:00,6.628289551278177,0.2484415819246264,1.116830910785212,1.5553893737906326,-0.4385584630054207
4242,2017-12-20 12:00:00,6.41342,0.24242,1.0459913653719175,1.4918642220679954,-0.4458728566960779
4243,2017-12-20 14:00:00,6.26175,0.237105,0.9959878456134359,1.4357932118862704,-0.4398053662728345
4244,2017-12-20 16:00:00,6.397290583866768,0.22857708359411102,1.0406737179906895,1.3458272875921033,-0.3051535696014138
4245,2017-12-20 18:00:00,6.377054997385973,0.24008960249570704,1.0340023225372914,1.4672795104610947,-0.4332771879238033
4246,2017-12-20 20:00:00,6.198799799961876,0.23300579999856694,0.9752340276441163,1.3925483793336308,-0.4173143516895146
4247,2017-12-20 22:00:00,6.413253299999999,0.23749740000000003,1.0459364066672046,1.4399328665232054,-0.39399645985600085
4248,2017-12-21 00:00:00,6.553351,0.247408,1.0921246977601555,1.5444855200522745,-0.45236082229211894
4249,2017-12-21 02:00:00,6.75491370086836,0.27366728517427463,1.1585771570167251,1.8215099125963137,-0.6629327555795885
4250,2017-12-21 04:00:00,6.8452760142864415,0.2701488003290784,1.1883683729752081,1.7843913802201627,-0.5960230072449546
4251,2017-12-21 06:00:00,6.774197979909145,0.2603218199965086,1.1649349194486098,1.6807208789439387,-0.5157859594953289
4252,2017-12-21 08:00:00,6.92731699989292,0.26272839999593883,1.215416161231151,1.7061092837701264,-0.49069312253897546
4253,2017-12-21 10:00:00,7.005045600109982,0.2686032000042172,1.241042215142623,1.7680859481313258,-0.5270437329887028
4254,2017-12-21 12:00:00,6.75395,0.26082,1.1582594380517859,1.6859764680404763,-0.5277170299886904
4255,2017-12-21 14:00:00,5.892998,0.219146,0.874415366428498,1.2463333300699777,-0.37191796364147967
4256,2017-12-21 16:00:00,6.1149399999959435,0.2326843999998457,0.9475866012279576,1.3891577447897538,-0.4415711435617963
4257,2017-12-21 18:00:00,5.95899999998788,0.2169724999995587,0.8961753210041771,1.2234038210098226,-0.3272285000056455
4258,2017-12-21 20:00:00,6.158407500004039,0.2249375000001475,0.9619172400853886,1.3074312144492306,-0.345513974363842
4259,2017-12-21 22:00:00,6.28358784,0.22740691,1.003187482086849,1.3334824493023978,-0.33029496721554885
4260,2017-12-22 00:00:00,5.9398503999958585,0.22218855999984508,0.8898619604083566,1.2784310558893233,-0.38856909548096663
4261,2017-12-22 02:00:00,5.7191306,0.2174748,0.8170936681938054,1.228702874337955,-0.41160920614414975
4262,2017-12-22 04:00:00,5.515945615867177,0.2036593029746172,0.7501063643847967,1.0829552027714777,-0.332848838386681
4263,2017-12-22 06:00:00,4.8199398,0.16827720000000002,0.5206427884255934,0.7096889269218826,-0.18904613849628915
4264,2017-12-22 08:00:00,5.016516966260281,0.1716673682271327,0.5854515852684907,0.7454537730519515,-0.16000218778346076
4265,2017-12-22 10:00:00,5.055393200014826,0.1826396000005356,0.5982685465837193,0.861206194403357,-0.2629376478196377
4266,2017-12-22 12:00:00,4.31472,0.1519848,0.3540787464154659,0.5378109727761188,-0.1837322263606529
4267,2017-12-22 14:00:00,4.494617979336188,0.15443652137676628,0.4133886439841871,0.5636756001099691,-0.15028695612578197
4268,2017-12-22 16:00:00,4.65808161,0.17511585,0.4672803620938399,0.7818338025153447,-0.31455344042150485
4269,2017-12-22 18:00:00,4.970962999999999,0.178314,0.570433067091045,0.8155729372684367,-0.2451398701773917
4270,2017-12-22 20:00:00,5.116085760003772,0.19090176000014072,0.618278051578775,0.948368500604843,-0.330090449026068
4271,2017-12-22 22:00:00,5.0415676897118304,0.181484779413138,0.5937104653705136,0.8490233238644979,-0.2553128584939842
4272,2017-12-23 00:00:00,5.230867400030747,0.1871375000011,0.6561199847560663,0.9086571439288558,-0.2525371591727895
4273,2017-12-23 02:00:00,5.531998499988472,0.2034013499995761,0.755398780210865,1.080233907589928,-0.32483512737906306
4274,2017-12-23 04:00:00,5.156441100022887,0.1911445200008484,0.6315826539523891,0.9509295163097151,-0.319346862357326
4275,2017-12-23 06:00:00,5.166553122339666,0.1950473184280942,0.6349164490846846,0.992102395021158,-0.35718594593647346
4276,2017-12-23 08:00:00,5.438861499903394,0.2011317499964275,0.7246927880964069,1.0562905839991494,-0.3315977959027425
4277,2017-12-23 10:00:00,5.7789643999333515,0.22124739999744836,0.836820051771259,1.2685022144825464,-0.43168216271128745
4278,2017-12-23 12:00:00,5.673917489621718,0.21355875867314825,0.8021875255278673,1.18739028861642,-0.3852027630885527
4279,2017-12-23 14:00:00,5.968113759829638,0.21989752999372286,0.8991800026836219,1.2542616547980878,-0.35508165211446596
4280,2017-12-23 16:00:00,6.20850787393408,0.2208565748834257,0.9784346465449266,1.2643791742289927,-0.2859445276840661
4281,2017-12-23 18:00:00,6.188511615012919,0.21974023500045872,0.9718421541070023,1.2526022589055483,-0.2807601047985461
4282,2017-12-23 20:00:00,6.234013141197971,0.2270063931555735,0.9868433835105448,1.3292571653773195,-0.34241378186677474
4283,2017-12-23 22:00:00,5.5108401,0.2091096,0.748423145794821,1.1404535395548576,-0.39203039376003657
4284,2017-12-24 00:00:00,5.443815361318504,0.2025904852768608,0.7263260082925644,1.071679626475465,-0.34535361818290067
4285,2017-12-24 02:00:00,5.460144690176254,0.1982164800063984,0.7317095641584656,1.0255357141415018,-0.29382614998303624
4286,2017-12-24 04:00:00,5.717266999971348,0.2040005535918555,0.8164792648124208,1.0865552529753701,-0.2700759881629493
4287,2017-12-24 06:00:00,5.640415377768141,0.20439191719921496,0.7911423385296398,1.0906839741066983,-0.2995416355770585
4288,2017-12-24 08:00:00,5.392412105239687,0.18979238800843606,0.7093790594497651,0.9366650935978454,-0.22728603414808035
4289,2017-12-24 10:00:00,5.2365068452836105,0.182797708816882,0.6579792325448737,0.8628741757864575,-0.20489494324158386
4290,2017-12-24 12:00:00,5.45279999994888,0.181759999998296,0.7292881204787371,0.8519267850559586,-0.1226386645772215
4291,2017-12-24 14:00:00,5.389171237799999,0.18006717300000002,0.708310589883898,0.8340681736058453,-0.12575758372194734
4292,2017-12-24 16:00:00,5.5237024999955775,0.1806053999998554,0.7526637027429343,0.8397462416376363,-0.08708253889470208
4293,2017-12-24 18:00:00,5.349272314390296,0.17738380814025811,0.6951564618093992,0.8057598051445336,-0.11060334333513444
4294,2017-12-24 20:00:00,5.674820480954086,0.1869009759831925,0.8024852293910558,0.9061619152145917,-0.10367668582353584
4295,2017-12-24 22:00:00,5.976541550039793,0.1988350700013239,0.9019585295794736,1.032061577905148,-0.13010304832567443
4296,2017-12-25 00:00:00,6.2576808236163135,0.205919538203148,0.994646293944006,1.1067997319364906,-0.11215343799248456
4297,2017-12-25 02:00:00,5.9602721062056965,0.1963623098784525,0.896594716984908,1.005975000665922,-0.10938028368101405
4298,2017-12-25 04:00:00,6.479532600101697,0.2076576000032592,1.0677877832889069,1.1251355514831514,-0.057347768194244475
4299,2017-12-25 06:00:00,6.761051988499999,0.22015549147,1.1606008662991931,1.2569830396640949,-0.09638217336490174
4300,2017-12-25 08:00:00,6.895866000000002,0.23089200000000001,1.2050471977276924,1.370248680134802,-0.16520148240710952
4301,2017-12-25 10:00:00,7.999446000000001,0.23446200000000006,1.5688823947677462,1.4079106756848978,0.16097171908284835
4302,2017-12-25 12:00:00,8.8921800000264,0.2376637200007056,1.863204556100826,1.4416874724409832,0.42151708365984275
4303,2017-12-25 14:00:00,8.12421224992765,0.2282664999979672,1.610016116950438,1.342550761537229,0.2674653554132089
4304,2017-12-25 16:00:00,9.243105202031176,0.2315566424713848,1.978899784374017,1.3772603781179105,0.6016394062561066
4305,2017-12-25 18:00:00,8.862994335637081,0.23510625296174106,1.8535824426574574,1.4147072729337007,0.43887516972375673
4306,2017-12-25 20:00:00,8.449944727843548,0.2323468161596885,1.717405649458163,1.3855963775388338,0.3318092719193293
4307,2017-12-25 22:00:00,8.813284739819055,0.236619299995142,1.8371938703842803,1.4306692815160624,0.40652458886821785
4308,2017-12-26 00:00:00,8.744642718430152,0.2297698792826494,1.8145635369446933,1.3584107794447378,0.45615275749995554
4309,2017-12-26 02:00:00,9.700825000006748,0.2453812500001707,2.129803726893432,1.5231041616559922,0.6066995652374398
4310,2017-12-26 04:00:00,7.9937549999999975,0.213246,1.5670061500855694,1.184090816415758,0.38291533366981145
4311,2017-12-26 06:00:00,7.796963199999999,0.2182076,1.5021265914410977,1.236433605525381,0.26569298591571666
4312,2017-12-26 08:00:00,8.048929875,0.22465660000000004,1.5851965499816232,1.304467837823019,0.2807287121586042
4313,2017-12-26 10:00:00,7.726644583008479,0.2366009893786463,1.4789435074157498,1.4304761122283927,0.0484673951873571
4314,2017-12-26 12:00:00,7.7871000001285,0.22452300000370498,1.498874829657908,1.303058414163087,0.19581641549482098
4315,2017-12-26 14:00:00,7.017856575319702,0.22203013584895712,1.2452658180438207,1.2767597478596957,-0.031493929815874955
4316,2017-12-26 16:00:00,7.55354895997103,0.2105682399991924,1.4218762534653326,1.1558415768542345,0.26603467661109814
4317,2017-12-26 18:00:00,7.858426799999998,0.224644,1.5223902977576231,1.3043349131328419,0.21805538462478125
4318,2017-12-26 20:00:00,7.1417381560316135,0.2199574390009737,1.2861078769139993,1.2548936695780575,0.031214207335941824
4319,2017-12-26 22:00:00,7.838738810763599,0.2223132141492,1.5158994376087003,1.2797461046339467,0.2361533329747536
4320,2017-12-27 00:00:00,7.755345236821505,0.2227881276697019,1.4884057195211164,1.2847562421397796,0.20364947738133687
4321,2017-12-27 02:00:00,8.7577892,0.2255775,1.818897751693374,1.3141829447423694,0.5047148069510046
4322,2017-12-27 04:00:00,8.488588679994823,0.2310478199998591,1.7301460307131384,1.371892515468502,0.35825351524463644
4323,2017-12-27 06:00:00,8.07787360799501,0.24957084959984585,1.594738901960921,1.5673026718743812,0.027436230086539837
4324,2017-12-27 08:00:00,8.56522560002167,0.2396796000006064,1.7554121726317222,1.4629541569187954,0.29245801571292684
4325,2017-12-27 10:00:00,8.259997850000001,0.241241,1.654782767811749,1.4794262689157371,0.1753564988960119
4326,2017-12-27 12:00:00,8.12049488739056,0.2522000449022752,1.6087905534832208,1.595039574333884,0.01375097914933665
4327,2017-12-27 14:00:00,8.038781762442143,0.2359134615907144,1.5818508563916045,1.4232229837999169,0.15862787259168765
4328,2017-12-27 16:00:00,7.659460625974423,0.221149452681934,1.4567938778053755,1.2674689115802928,0.18932496622508266
4329,2017-12-27 18:00:00,7.593939000005131,0.21893637000014796,1.4351922959581858,1.2441218219126682,0.19107047404551758
4330,2017-12-27 20:00:00,7.746416008520416,0.2249209170005928,1.4854618753608906,1.3072562707922457,0.17820560456864487
4331,2017-12-27 22:00:00,7.643352272904973,0.2267076475001475,1.4514831746275239,1.3261055246083375,0.12537765001918633
4332,2017-12-28 00:00:00,7.667439472161282,0.229984596145351,1.4594243940113132,1.3606759518614318,0.09874844214988143
4333,2017-12-28 02:00:00,6.869928982887756,0.2083008039658604,1.196496118755923,1.1319210822330925,0.06457503652283059
4334,2017-12-28 04:00:00,6.701545440053983,0.2023819200016302,1.1409823730508288,1.0694793507142215,0.07150302233660732
4335,2017-12-28 06:00:00,7.0450749656500005,0.215297490950264,1.2542393481992578,1.20573318141293,0.0485061667863278
4336,2017-12-28 08:00:00,7.075107348514186,0.2164547387638476,1.2641406131161403,1.2179416581651832,0.04619895495095716
4337,2017-12-28 10:00:00,6.875970564405001,0.2016034569483546,1.1984879453582178,1.061266893557813,0.1372210518004049
4338,2017-12-28 12:00:00,6.8438299998873,0.2057339099966121,1.1878916418511984,1.1048414325839617,0.08305020926723672
4339,2017-12-28 14:00:00,6.90493248,0.20647710000000002,1.2080362918914678,1.1126817739286319,0.0953545179628359
4340,2017-12-28 16:00:00,6.862569884624626,0.2058939730939104,1.1940699249443254,1.1065300308075425,0.08753989413678287
4341,2017-12-28 18:00:00,7.260564330005285,0.20477070000014905,1.3252832374870671,1.0946799730319734,0.23060326445509371
4342,2017-12-28 20:00:00,7.3596599999628305,0.21067199999893602,1.3579537213711712,1.156936201125557,0.20101752024561415
4343,2017-12-28 22:00:00,7.502486018710767,0.21589784893082398,1.4050415017528404,1.212066705108256,0.19297479664458428
4344,2017-12-29 00:00:00,7.5247168,0.211761,1.4123706855824878,1.1684246922163486,0.2439459933661392
4345,2017-12-29 02:00:00,8.429742579960202,0.2232946199989458,1.7107452782519348,1.290099522770071,0.4206457554818639
4346,2017-12-29 04:00:00,8.862222000000003,0.22648,1.8533278141858491,1.3237039394157482,0.529623874770101
4347,2017-12-29 06:00:00,9.175647869830069,0.2200852142084195,1.9566600267187624,1.2562416441702806,0.7004183825484818
4348,2017-12-29 08:00:00,10.404918683568283,0.2156923341931904,2.361933761955021,1.2098986112331203,1.1520351507219007
4349,2017-12-29 10:00:00,14.711857769958794,0.2169283899993924,3.781872534981354,1.2229384790966635,2.5589340558846905
4350,2017-12-29 12:00:00,18.7579105,0.2208234,5.115800652806061,1.2640291931892298,3.851771459616831
4351,2017-12-29 14:00:00,16.215074236117545,0.2256640076808498,4.277462396304251,1.3150955643197404,2.96236683198451
4352,2017-12-29 16:00:00,15.35748367593667,0.22768155857204103,3.9947265453074055,1.336379875996529,2.6583466693108764
4353,2017-12-29 18:00:00,16.366833499877107,0.2339604999982433,4.3274953451005445,1.402620062005756,2.9248752830947886
4354,2017-12-29 20:00:00,16.605063599859474,0.22191699999812198,4.406036543172235,1.2755662123104774,3.1304703308617574
4355,2017-12-29 22:00:00,18.02483006814515,0.22273716788309428,4.874114084211018,1.2842186378662641,3.5898954463447543
4356,2017-12-30 00:00:00,14.928177109647894,0.1936010899954336,3.8531900557586045,0.9768452945182772,2.8763447612403272
4357,2017-12-30 02:00:00,14.294962290920436,0.19472625233369667,3.6444278107556265,0.9887152830271844,2.655712527728442
4358,2017-12-30 04:00:00,15.870390799736295,0.18933199999685404,4.163824992588875,0.9318081940898568,3.2320167984990182
4359,2017-12-30 06:00:00,16.684592344488777,0.1955435512072224,4.432256080018273,0.9973374417212526,3.4349186382970203
4360,2017-12-30 08:00:00,16.17266069846608,0.19210121448514986,4.263479234387048,0.9610222399541305,3.302456994432917
4361,2017-12-30 10:00:00,16.183374030216754,0.1939026622924314,4.267011272996358,0.9800267551646532,3.286984517831705
4362,2017-12-30 12:00:00,14.523446503521466,0.18297546498455397,3.719755923363899,0.8647494284463633,2.8550064949175358
4363,2017-12-30 14:00:00,14.146560000126723,0.180516000001617,3.595501609925486,0.8388031093306804,2.7566985005948057
4364,2017-12-30 16:00:00,14.46640421427253,0.186284863678172,3.700949862590323,0.8996621900353086,2.8012876725550147
4365,2017-12-30 18:00:00,14.291721376176534,0.1926293561717908,3.6433593255942083,0.9665939121816071,2.676765413412601
4366,2017-12-30 20:00:00,15.3908483947053,0.1877446017436352,4.005726435689046,0.9150618114711011,3.0906646242179447
4367,2017-12-30 22:00:00,15.316393200359599,0.187749336004408,3.981179578818294,0.9151117559271678,3.0660678228911262
4368,2017-12-31 00:00:00,15.164267068001749,0.1951350792069672,3.9310256784745405,0.9930282342546002,2.93799744421994
4369,2017-12-31 02:00:00,14.988063173376704,0.1907277198289216,3.872933669992937,0.9465324501415396,2.9264012198513973
4370,2017-12-31 04:00:00,15.049831799632651,0.1940602783952632,3.8932979392844485,0.9816895386278117,2.911608400656637
4371,2017-12-31 06:00:00,15.085650759906573,0.2032463281763376,3.905106959445227,1.078598492683212,2.826508466762015
4372,2017-12-31 08:00:00,14.776086958116064,0.1972669811338655,3.803048017799929,1.0155189011689094,2.7875291166310197
4373,2017-12-31 10:00:00,16.138280010000006,0.20260497,4.252144392724072,1.0718324342005106,3.1803119585235615
4374,2017-12-31 12:00:00,15.793722131642747,0.1983601134231703,4.138548383767933,1.0270509861592352,3.111497397608698
4375,2017-12-31 14:00:00,16.140214999999998,0.203623,4.252782332400324,1.0825722216878675,3.1702101107124565
4376,2017-12-31 16:00:00,15.88831159674264,0.2461081738791115,4.169733233685957,1.5307729022425263,2.6389603314434305
4377,2017-12-31 18:00:00,15.840973169771269,0.24543971999645603,4.154126403275208,1.523720995476696,2.630405407798512
4378,2017-12-31 20:00:00,15.86852684973771,0.2410077999960164,4.163210473827201,1.476966107147582,2.686244366679619
4379,2017-12-31 22:00:00,15.620492319886527,0.2445435136289136,4.081436889636528,1.514266395973517,2.567170493663011
4380,2018-01-01 00:00:00,14.34994768805408,0.2644057296009965,3.6625557423966897,1.7238044042524026,1.9387513381442871
4381,2018-01-01 02:00:00,13.974504257485108,0.25950015081203337,3.538777190285873,1.6720526153110655,1.8667245749748074
4382,2018-01-01 04:00:00,14.417222753316315,0.2665443991782297,3.684735409140893,1.7463664670257586,1.9383689421151344
4383,2018-01-01 06:00:00,14.301063801981034,0.283335041892448,3.6464393953067913,1.9235006718398018,1.7229387234669895
4384,2018-01-01 08:00:00,14.873649271093743,0.2969328607483016,3.835212974908537,2.0669519304504917,1.768261044458045
4385,2018-01-01 10:00:00,14.609721459183413,0.32858044585381085,3.7481995935037045,2.4008206165611243,1.3473789769425801
4386,2018-01-01 12:00:00,13.903798587218,0.2867981707571465,3.5154665001016703,1.9600352219495163,1.555431278152154
4387,2018-01-01 14:00:00,13.87705698,0.28945229999999994,3.506650158802146,1.9880351669729688,1.5186149918291774
4388,2018-01-01 16:00:00,13.1881069,0.2915541,3.2795127622313847,2.010208271243891,1.2693044909874938
4389,2018-01-01 18:00:00,12.920396429660244,0.29482624083561704,3.191252290198772,2.044727978131929,1.146524312066843
4390,2018-01-01 20:00:00,13.296319049751116,0.3326678730195744,3.3151888245257584,2.443941250658695,0.8712475738670635
4391,2018-01-01 22:00:00,12.924884297577393,0.318973054418896,3.192731878726949,2.299466685617206,0.8932651931097433
4392,2018-01-02 00:00:00,12.778873650028153,0.31863780000070197,3.1445941698875144,2.295929892786345,0.8486642771011694
4393,2018-01-02 02:00:00,12.717745594582464,0.3585900711332129,3.1244410880105704,2.7174095167664114,0.407031571244159
4394,2018-01-02 04:00:00,13.104542056210597,0.3388812550416358,3.2519625788230786,2.5094898125819216,0.742472766241157
4395,2018-01-02 06:00:00,12.767674931000002,0.34711820000000004,3.140902105746987,2.5963861107243016,0.5445159950226852
4396,2018-01-02 08:00:00,13.271098619921348,0.3100490599981624,3.306873994557339,2.205322305179462,1.1015516893778772
4397,2018-01-02 10:00:00,13.578638330893144,0.3170215367598312,3.408265621207935,2.278878996711987,1.129386624495948
4398,2018-01-02 12:00:00,14.0929921171646,0.3228798106862198,3.577841013274095,2.3406813178735804,1.2371596954005146
4399,2018-01-02 14:00:00,13.569928412810704,0.32278611828759995,3.405394080620277,2.33969290255148,1.0657011780687968
4400,2018-01-02 16:00:00,13.738893549772518,0.32754977999457663,3.4610995699363225,2.3899475260837812,1.0711520438525413
4401,2018-01-02 18:00:00,13.348491480027,0.3012309577326093,3.332389359556735,2.1122950423543783,1.2200943172023568
4402,2018-01-02 20:00:00,13.601147281431505,0.3168657237669495,3.415686513625602,2.277235235298946,1.1384512783266563
4403,2018-01-02 22:00:00,13.664336700009274,0.306550400000208,3.436519198668,2.1684129165872332,1.2681062820807667
4404,2018-01-03 00:00:00,12.325035662508336,0.30762673760145604,2.9949700070596865,2.179767824696086,0.8152021823636004
4405,2018-01-03 02:00:00,11.88585599464,0.3042601291396,2.8501784912702908,2.144251524161258,0.7059269671090327
4406,2018-01-03 04:00:00,12.171575607767448,0.3228113530755715,2.944376330792965,2.3399591189302735,0.6044172118626916
4407,2018-01-03 06:00:00,11.896148913924847,0.3289236682476528,2.853571925653045,2.40444146817725,0.44913045747579483
4408,2018-01-03 08:00:00,11.52652706,0.31645908,2.731712667553898,2.272945314923224,0.4587673526306739
4409,2018-01-03 10:00:00,12.787753898632648,0.3125673999665782,3.147521866113235,2.2318897305811713,0.9156321355320638
4410,2018-01-03 12:00:00,13.080010066012926,0.3105638886098042,3.243874717963554,2.210753530076021,1.033121187887533
4411,2018-01-03 14:00:00,11.843183899349272,0.315999152861512,2.8361100864439854,2.2680932774321585,0.5680168090118269
4412,2018-01-03 16:00:00,12.219788,0.319456,2.9602712955691506,2.304561557977564,0.6557097375915868
4413,2018-01-03 18:00:00,12.312242338009426,0.3138249734514026,2.99075222335587,2.2451566008863186,0.7455956224695512
4414,2018-01-03 20:00:00,13.138078141815633,0.32183716311306004,3.2630189665014164,2.3296818253635916,0.9333371411378248
4415,2018-01-03 22:00:00,13.1009625,0.329361,3.2507824482125214,2.4090551338665542,0.8417273143459671
4416,2018-01-04 00:00:00,12.671462077589519,0.3186229957190988,3.1091820469579647,2.295773713854171,0.8134083331037938
4417,2018-01-04 02:00:00,12.963933128465964,0.3054527327887024,3.205605742951135,2.156832990078771,1.048772752872364
4418,2018-01-04 04:00:00,13.178402789265359,0.31266899998257,3.276313449955667,2.232961567934161,1.043351882021506
4419,2018-01-04 06:00:00,13.232291593268744,0.31078499600631193,3.2940798498748616,2.213086119931306,1.0809937299435557
4420,2018-01-04 08:00:00,12.675303893461546,0.2990774431280799,3.1104486409835816,2.0895763707989574,1.0208722701846242
4421,2018-01-04 10:00:00,12.979327582928605,0.29875950236228005,3.2106810835451465,2.0862222297046307,1.1244588538405158
4422,2018-01-04 12:00:00,12.6547296437814,0.3201501143214122,3.1036655929160855,2.311884171558596,0.7917814213574896
4423,2018-01-04 14:00:00,12.412682065424768,0.3262616825801356,3.023865824558148,2.3763586411844067,0.6475071833737411
4424,2018-01-04 16:00:00,12.66827813383266,0.3221535130834761,3.1081323443499604,2.333019184237004,0.7751131601129564
4425,2018-01-04 18:00:00,12.583685762022036,0.32979258406138,3.0802433990394222,2.413608163838315,0.6666352352011073
4426,2018-01-04 20:00:00,12.661303094846904,0.3170451386309086,3.1058327696170505,2.279127986505682,0.8267047831113685
4427,2018-01-04 22:00:00,12.756126851629643,0.31852018868292,3.137094862291008,2.294689142946864,0.8424057193441441
4428,2018-01-05 00:00:00,12.7182,0.31515,3.1245908992472957,2.2591350725885686,0.8654558266587271
4429,2018-01-05 02:00:00,12.610005189591565,0.3252497663997824,3.088920553496499,2.3656833519178715,0.7232372015786277
4430,2018-01-05 04:00:00,12.489868313315506,0.316452291131897,3.04931307234273,2.272873695225665,0.776439377117065
4431,2018-01-05 06:00:00,11.99971178642794,0.32543972990312353,2.88771518497561,2.367687386824738,0.5200277981508719
4432,2018-01-05 08:00:00,12.412971,0.30337200000000003,3.0239610823266028,2.1348821360090104,0.8890789463175923
4433,2018-01-05 10:00:00,12.497401095003946,0.3022499916933694,3.051796527198629,2.1230454212046705,0.9287511059939586
4434,2018-01-05 12:00:00,12.606666879457965,0.3058748799868486,3.0878199584102894,2.161286465120247,0.9265334932900426
4435,2018-01-05 14:00:00,12.33363719999231,0.2997875999998131,2.997805816049818,2.097068226525312,0.900737589524506
4436,2018-01-05 16:00:00,11.987132125667811,0.2990173778556606,2.883567843277357,2.0889427074873135,0.7946251357900436
4437,2018-01-05 18:00:00,12.389498549969867,0.30308134999926284,3.0162225373350964,2.131815900985369,0.8844066363497274
4438,2018-01-05 20:00:00,12.682851936260386,0.32154791351413503,3.1129371272183657,2.3266303639889188,0.7863067632294469
4439,2018-01-05 22:00:00,12.52562164,0.32798712,3.0611004540088445,2.394561278839561,0.6665391751692833
4440,2018-01-06 00:00:00,12.60051816,0.31683792,3.0857928098976917,2.27694191727454,0.8088508926231515
4441,2018-01-06 02:00:00,12.119860529502938,0.305089860787816,2.927326578450308,2.153004843388957,0.7743217350613509
4442,2018-01-06 04:00:00,12.315303042438266,0.3040098131490497,2.991761295646912,2.14161079594775,0.8501504996991622
4443,2018-01-06 06:00:00,12.332092442855728,0.312100357753044,2.9972965307989368,2.226962632046765,0.7703338987521717
4444,2018-01-06 08:00:00,14.21446619993057,0.3195347799984392,3.617889353075846,2.305392653762061,1.312496699313785
4445,2018-01-06 10:00:00,13.5580386000246,0.3407863500006183,3.4014741723419455,2.529587761564473,0.8718864107774724
4446,2018-01-06 12:00:00,13.67642634003362,0.331928400000816,3.4405049872473517,2.4361401219354755,1.0043648653118762
4447,2018-01-06 14:00:00,14.057893898490134,0.3337698459120792,3.566269611738022,2.455566600287222,1.1107030114508003
4448,2018-01-06 16:00:00,13.989898991625884,0.3376141997979098,3.543852623085931,2.496122913716114,1.047729709369817
4449,2018-01-06 18:00:00,14.000763087492745,0.3531926192139207,3.5474343665575248,2.6604686735825913,0.8869656929749334
4450,2018-01-06 20:00:00,13.70750634669312,0.3676678407926785,3.4507516393676925,2.8131761611696566,0.6375754781980358
4451,2018-01-06 22:00:00,15.099680278821602,0.37577613421158296,3.9097322995010697,2.898715239786365,1.0110170597147046
4452,2018-01-07 00:00:00,15.103300000961198,0.3604428000229392,3.9109256722677834,2.736955025786133,1.1739706464816506
4453,2018-01-07 02:00:00,14.927442882711055,0.4026977019957385,3.8529479912030338,3.182726434769127,0.6702215564339067
4454,2018-01-07 04:00:00,14.976678778974,0.39954450831462857,3.86918039122684,3.149461570235079,0.7197188209917607
4455,2018-01-07 06:00:00,14.961177439305002,0.414227748232956,3.8640698120455803,3.304363563642651,0.5597062484029292
4456,2018-01-07 08:00:00,14.415225,0.39246075,3.684076777259671,3.074730905214493,0.6093458720451781
4457,2018-01-07 10:00:00,14.188830640025635,0.39489068000071337,3.6094376604126555,3.1003656427141877,0.5090720176984678
4458,2018-01-07 12:00:00,14.095514698841416,0.3888553748017344,3.5786726738709107,3.0366957162303176,0.5419769576405931
4459,2018-01-07 14:00:00,13.966759355734908,0.3914127163188125,3.5362238023535615,3.0636745915345958,0.4725492108189657
4460,2018-01-07 16:00:00,13.351800000251998,0.37353250000705,3.3334801333184676,2.8750458444286164,0.45843428888985116
4461,2018-01-07 18:00:00,13.520044300008395,0.3753376200002331,3.3889479724898326,2.894089099652888,0.49485887283694474
4462,2018-01-07 20:00:00,13.632388499874008,0.3773474999965125,3.425986315060749,2.915292486620984,0.5106938284397651
4463,2018-01-07 22:00:00,13.978107236990216,0.3773495352275277,3.53996504323552,2.915313957450518,0.6246510857850023
4464,2018-01-08 00:00:00,14.318062957437988,0.3936313785609688,3.6520437838198085,3.087080543212818,0.5649632406069904
4465,2018-01-08 02:00:00,13.745212956565267,0.3863502462156162,3.4631829917232486,3.0102676653443794,0.4529153263788692
4466,2018-01-08 04:00:00,13.671733439053533,0.3917479293998029,3.438957802129119,3.067210948275378,0.37174685385374096
4467,2018-01-08 06:00:00,14.010078299770974,0.3869686499936741,3.550505464343566,3.016791564598547,0.533713899745019
4468,2018-01-08 08:00:00,13.11498545,0.35932505000000003,3.255405622587132,2.7251632340802354,0.5302423885068968
4469,2018-01-08 10:00:00,13.561470009895,0.3701161199971344,3.4026054611350753,2.839004475036214,0.5636009860988613
4470,2018-01-08 12:00:00,12.926638937422645,0.3504437360775168,3.1933103594296,2.63146911491285,0.5618412445167502
4471,2018-01-08 14:00:00,13.427435670037164,0.3247139700008988,3.3584161767584924,2.3600309257020418,0.9983852510564506
4472,2018-01-08 16:00:00,15.609779999905053,0.3372008399979489,4.077905184593654,2.491762142022356,1.5861430425712975
4473,2018-01-08 18:00:00,15.698167028370518,0.34804319937912137,4.107045176182408,2.6061444643658445,1.5009007118165631
4474,2018-01-08 20:00:00,15.8482973,0.34394309999999995,4.15654106860524,2.5628901437576035,1.593650924847637
4475,2018-01-08 22:00:00,15.736850038859975,0.337255522145214,4.119798434436031,2.4923390156321505,1.627459418803881
4476,2018-01-09 00:00:00,16.3147712,0.3544898,4.310331118552269,2.6741533842248852,1.6361777343273838
4477,2018-01-09 02:00:00,16.633727771506027,0.3987412199459328,4.415486727607449,3.1409872164627366,1.2744995111447128
4478,2018-01-09 04:00:00,15.5624222335812,0.3749150788439778,4.062291978263514,2.889631468519381,1.1726605097441327
4479,2018-01-09 06:00:00,15.693732000072751,0.3841440000017808,4.105583008152363,2.986992697532647,1.1185903106197164
4480,2018-01-09 08:00:00,14.754312752902765,0.37510586189924394,3.795869360843323,2.8916441493536857,0.9042252114896372
4481,2018-01-09 10:00:00,15.335610799979275,0.37776740999948943,3.9875153579591465,2.91972236019621,1.0677929977629366
4482,2018-01-09 12:00:00,14.608067163395386,0.3575070150606149,3.7476541948611053,2.7059837316160777,1.0416704632450275
4483,2018-01-09 14:00:00,15.166432800062035,0.3652830000014939,3.931739690644832,2.788017095829242,1.14372259481559
4484,2018-01-09 16:00:00,15.460151626679275,0.3773680226994942,4.0285747611940055,2.915508992488875,1.1130657687051304
4485,2018-01-09 18:00:00,14.727783000320606,0.4268880000092928,3.787122865112924,3.4379238846688374,0.3491989804440867
4486,2018-01-09 20:00:00,14.231473525724898,0.4145946996637061,3.623496435237088,3.308234746598397,0.315261688638691
4487,2018-01-09 22:00:00,14.347488199020257,0.4021463478635915,3.661744882579333,3.1769098810236236,0.48483500155570924
4488,2018-01-10 00:00:00,13.661542,0.3887005,3.4355978243874383,3.0350618523385133,0.400535972048925
4489,2018-01-10 02:00:00,13.74637199987326,0.393389999996373,3.4635651124125886,3.084534101076769,0.37903101133581973
4490,2018-01-10 04:00:00,13.693375011379974,0.3863299205530396,3.4460927318411896,3.0100532381697263,0.43603949367146333
4491,2018-01-10 06:00:00,13.641267380627994,0.3933977326498964,3.4289135603249092,3.0846156773127884,0.34429788301212083
4492,2018-01-10 08:00:00,12.46517275,0.37811375,3.0411712836686764,2.923376101248885,0.11779518241979137
4493,2018-01-10 10:00:00,12.94114203613312,0.3742912818900606,3.198091832251704,2.8830506735326606,0.31504115871904315
4494,2018-01-10 12:00:00,13.554306526540492,0.3667963067878571,3.4002437588771683,2.8039818446958917,0.5962619141812766
4495,2018-01-10 14:00:00,14.97041475123307,0.3864817023752832,3.867115227154108,3.011654472431329,0.8554607547227788
4496,2018-01-10 16:00:00,15.56866667288643,0.4346035889689144,4.0643506842975325,3.5193200967314806,0.5450305875660519
4497,2018-01-10 18:00:00,15.418948015071935,0.38712255570666,4.014990495306695,3.018415205012443,0.9965752902942522
4498,2018-01-10 20:00:00,15.29665082215776,0.3906729854863587,3.9746707873730838,3.0558707429855354,0.9188000443875484
4499,2018-01-10 22:00:00,15.849515079999998,0.4018007,4.156942553976713,3.1732634417237686,0.9836791122529447
4500,2018-01-11 00:00:00,15.322234294314105,0.3919718781926182,3.9831053074196348,3.069573513664302,0.9135317937553329
4501,2018-01-11 02:00:00,13.2112347493,0.3801356454,3.2871376970862918,2.9447062456627666,0.34243145142352516
4502,2018-01-11 04:00:00,12.695975365689778,0.4220290589742126,3.1172637419923594,3.3866641043771386,-0.26940036238477916
4503,2018-01-11 06:00:00,13.107868864006065,0.4084271162747595,3.253059381746091,3.2431693409543216,0.009890040791769472
4504,2018-01-11 08:00:00,14.020570939036094,0.4095276710122128,3.5539647436658584,3.2547797296446865,0.2991850140211718
4505,2018-01-11 10:00:00,14.006291999979176,0.42838249999936295,3.5492571732085314,3.4536902297600536,0.09556694344847783
4506,2018-01-11 12:00:00,14.224868301932672,0.4153546000564324,3.621318783503695,3.3162513755085854,0.30506740799510945
4507,2018-01-11 14:00:00,14.306525867685616,0.489287888558412,3.648240163490224,4.096216412641774,-0.4479762491515502
4508,2018-01-11 16:00:00,13.451943750029663,0.4565838000010068,3.3664961547511565,3.751202060339555,-0.38470590558839834
4509,2018-01-11 18:00:00,12.935195475549556,0.48231935342161997,3.196131332748603,4.022701303590641,-0.826569970842038
4510,2018-01-11 20:00:00,13.34253450001984,0.4906560000007296,3.330425424912514,4.110649411816173,-0.7802239869036587
4511,2018-01-11 22:00:00,12.928945848465293,0.483816994668644,3.194070916374956,4.038500787618949,-0.8444298712439928
4512,2018-01-12 00:00:00,12.767069990476507,0.4613023024281974,3.1407026651495102,3.8009802725008903,-0.6602776073513801
4513,2018-01-12 02:00:00,13.10947029999038,0.4492447999996704,3.25358735323606,3.673778703086758,-0.42019134985069817
4514,2018-01-12 04:00:00,12.912350830279234,0.4418205243599281,3.1885997663798418,3.595455723785174,-0.4068559574053321
4515,2018-01-12 06:00:00,13.524010112797693,0.4376300927369358,3.3902554465992023,3.551248436071416,-0.16099298947221374
4516,2018-01-12 08:00:00,13.402180099980132,0.4297913999993628,3.3500897615388805,3.4685535310291074,-0.11846376949022686
4517,2018-01-12 10:00:00,13.735115984408631,0.5119907869921124,3.4598541584224303,4.335722423785835,-0.8758682653634051
4518,2018-01-12 12:00:00,13.720885100029788,0.5115793800011107,3.4551624309336835,4.331382253403654,-0.8762198224699707
4519,2018-01-12 14:00:00,13.37806540006896,0.497028000002562,3.342139475566189,4.177871326582061,-0.8357318510158716
4520,2018-01-12 16:00:00,13.498431465154185,0.48481899183288,3.3818225171283944,4.049071435445466,-0.6672489183170716
4521,2018-01-12 18:00:00,13.736249998201801,0.488537499936046,3.4602280272238617,4.088300128900489,-0.6280721016766271
4522,2018-01-12 20:00:00,13.657996392765078,0.4834688988589408,3.4344288862887553,4.034828523519216,-0.6003996372304603
4523,2018-01-12 22:00:00,13.656998285137597,0.5060910018482528,3.4340998238870157,4.273482176773354,-0.839382352886338
4524,2018-01-13 00:00:00,14.275320000030328,0.5050724000010731,3.6379520167249986,4.262736356539236,-0.6247843398142372
4525,2018-01-13 02:00:00,14.270028299939403,0.4900283999979192,3.6362074157488493,4.104028496266289,-0.46782108051743965
4526,2018-01-13 04:00:00,14.486982000000001,0.49345,3.707734076444147,4.140124934376253,-0.4323908579321061
4527,2018-01-13 06:00:00,14.707581509918,0.55961099999688,3.7804627106690827,4.838095603136019,-1.0576328924669367
4528,2018-01-13 08:00:00,14.68473254591728,0.5503224237469,3.772929720474114,4.740105038039809,-0.9671753175656952
4529,2018-01-13 10:00:00,15.118395000000001,0.5423549999999999,3.915902286513785,4.656052075098219,-0.7401497885844339
4530,2018-01-13 12:00:00,15.592143000010733,0.543422000000374,4.072090507513836,4.667308475452852,-0.5952179679390168
4531,2018-01-13 14:00:00,15.284885000010732,0.522649050000367,3.9707917571086697,4.448162606975928,-0.4773708498672584
4532,2018-01-13 16:00:00,15.187840667240168,0.5371269318203834,3.938797570973366,4.600898158987207,-0.6621005880138413
4533,2018-01-13 18:00:00,15.2881564922992,0.5266233979911921,3.971870323267344,4.4900903034311055,-0.5182199801637615
4534,2018-01-13 20:00:00,16.090268658455123,0.5428665349536157,4.236315708306548,4.661448553290599,-0.42513284498405124
4535,2018-01-13 22:00:00,16.134607197603376,0.5336818499207273,4.250933516827428,4.564553996753436,-0.3136204799260085
4536,2018-01-14 00:00:00,16.04962289914199,0.517609514954104,4.22291535867305,4.394997635971192,-0.1720822772981423
4537,2018-01-14 02:00:00,15.782417028246481,0.5186622975274394,4.134821246159659,4.406104048461998,-0.2712828023023386
4538,2018-01-14 04:00:00,14.97299999994575,0.4988699999981925,3.867967548213547,4.197303650290383,-0.32933610207683595
4539,2018-01-14 06:00:00,14.90175666,0.4884066600000001,3.8444795957072007,4.086919822713056,-0.2424402270058552
4540,2018-01-14 08:00:00,14.803737270087588,0.489460200002896,3.8121639465992714,4.098034225766533,-0.2858702791672614
4541,2018-01-14 10:00:00,14.823667738185177,0.4845346105372885,3.8187347487045895,4.0460713326193884,-0.22733658391479894
4542,2018-01-14 12:00:00,14.623907999935101,0.4595447999979606,3.7528767015064832,3.7824393624989687,-0.0295626609924855
4543,2018-01-14 14:00:00,13.53703647,0.44175375,3.3945500579906875,3.5947512824276187,-0.2002012244369311
4544,2018-01-14 16:00:00,13.92487705535227,0.449425909801687,3.5224157820811683,3.67568933517573,-0.1532735530945617
4545,2018-01-14 18:00:00,13.837417938123107,0.45113217361338,3.493581710106303,3.6936896993447133,-0.20010798923841033
4546,2018-01-14 20:00:00,13.916251169424989,0.4489800299814484,3.519571945743071,3.670985490972452,-0.151413545229381
4547,2018-01-14 22:00:00,13.692481199999998,0.4534464,3.445798054482457,3.7181038124749084,-0.27230575799245127
4548,2018-01-15 00:00:00,13.61335307889132,0.44008918207049097,3.419710597719028,3.577190792244425,-0.1574801945253972
4549,2018-01-15 02:00:00,13.666978001384132,0.4331710613439839,3.437389999521734,3.504207533976433,-0.06681753445469907
4550,2018-01-15 04:00:00,13.57999999987,0.4308933999958752,3.4087145448025065,3.4801791665934934,-0.07146462179098689
4551,2018-01-15 06:00:00,13.61999999997,0.4354313999990409,3.4219019964761377,3.5280531542477114,-0.10615115777157369
4552,2018-01-15 08:00:00,13.376440799520873,0.4398119999842465,3.3416038670371067,3.5742666380431074,-0.23266277100600075
4553,2018-01-15 10:00:00,13.337811413353176,0.4450202947660008,3.328868287987232,3.62921195313947,-0.300343665152238
4554,2018-01-15 12:00:00,12.906352400000001,0.4400054,3.18662216614916,3.5763069267077277,-0.3896847605585676
4555,2018-01-15 14:00:00,12.86945141,0.42827448,3.1744564156212207,3.4525506642879726,-0.2780942486667519
4556,2018-01-15 16:00:00,12.57887298,0.48854985,3.078656690785106,4.088430416870707,-1.0097737260856006
4557,2018-01-15 18:00:00,12.84434012503618,0.4702049660313,3.166177569218839,3.894899621801744,-0.728722052582905
4558,2018-01-15 20:00:00,13.074384706641721,0.47011205086461,3.242020114096826,3.8939194059489664,-0.6518992918521405
4559,2018-01-15 22:00:00,12.82631,0.493633,3.1602332841690957,4.142055507257393,-0.9818222230882969
4560,2018-01-16 00:00:00,12.122378423228,0.402726419288,2.928156693493697,3.1830293901006015,-0.25487269660690437
4561,2018-01-16 02:00:00,11.765857874410047,0.3856983424359666,2.8106167560827187,3.003390355190807,-0.19277359910808833
4562,2018-01-16 04:00:00,11.876841500532679,0.382556635698215,2.8472065361426577,2.9702466730684245,-0.12304013692576676
4563,2018-01-16 06:00:00,10.801928759991288,0.34928095519971825,2.492822541547122,2.619202266664843,-0.126379725117721
4564,2018-01-16 08:00:00,9.018757388492828,0.2905219261107839,1.9049353858308848,1.9993192716857453,-0.09438388585486046
4565,2018-01-16 10:00:00,9.71220435,0.32877125,2.1335553425868867,2.4028335198957786,-0.2692781773088919
4566,2018-01-16 12:00:00,9.348695,0.322,2.0137112932355463,2.3313996858989765,-0.3176883926634302
4567,2018-01-16 14:00:00,9.942696701775636,0.33266019088933,2.20954551115148,2.443860207421978,-0.23431469627049806
4568,2018-01-16 16:00:00,9.067275180049103,0.30910410000167393,1.9209310365773877,2.19535337543639,-0.27442233885900214
4569,2018-01-16 18:00:00,8.263528147406273,0.31604120946213,1.6559466584698082,2.2685369568454155,-0.6125902983756073
4570,2018-01-16 20:00:00,7.608458025,0.2553705,1.4399790194579205,1.628486539539007,-0.1885075200810864
4571,2018-01-16 22:00:00,8.10485849913559,0.2563612963808282,1.6036354506345447,1.6389390238207446,-0.03530357318619992
4572,2018-01-17 00:00:00,8.110276542477289,0.2622649524329543,1.6054217052484363,1.7012201072841806,-0.0957984020357443
4573,2018-01-17 02:00:00,7.7443371584615575,0.24676478158629,1.4847765069954055,1.5376998368492252,-0.052923329853819645
4574,2018-01-17 04:00:00,7.951247904792727,0.2544425571997673,1.5529921435247969,1.6186971340451397,-0.06570499052034284
4575,2018-01-17 06:00:00,7.9626011,0.2534884,1.5567351363438695,1.608631177683311,-0.05189604133944159
4576,2018-01-17 08:00:00,7.458058803073159,0.2319827130458668,1.3903944578090845,1.3817552431263609,0.008639214682723662
4577,2018-01-17 10:00:00,7.3999811998959855,0.2244983999968444,1.3712470682264704,1.3027988944575084,0.06844817376896195
4578,2018-01-17 12:00:00,7.105556134429167,0.2158935540016372,1.2741791604104078,1.2120213954152814,0.062157764995126374
4579,2018-01-17 14:00:00,6.376154759885986,0.19498856999651326,1.0337055265748865,0.9914826238254224,0.04222290274946405
4580,2018-01-17 16:00:00,7.059168342140766,0.2288726515029834,1.2588857412223982,1.3489454044740927,-0.09005966325169457
4581,2018-01-17 18:00:00,7.865482799962437,0.23808779999886295,1.524716564214652,1.4461613377080662,0.07855522650658586
4582,2018-01-17 20:00:00,8.632783735799999,0.285527613,1.7776851638444724,1.9466313730431326,-0.1689462091986602
4583,2018-01-17 22:00:00,8.374204308359595,0.2721506039063622,1.6924350714784604,1.805509564371375,-0.1130744928929146
4584,2018-01-18 00:00:00,8.991879219217125,0.2796331708934951,1.8960740218930632,1.8844474928231092,0.011626529069953984
4585,2018-01-18 02:00:00,9.076623301484961,0.27019630062080496,1.924012984061548,1.7848924882805646,0.1391204957809835
4586,2018-01-18 04:00:00,8.611217999857796,0.2738079999954784,1.7705752363486453,1.8229943946607419,-0.05241915831209654
4587,2018-01-18 06:00:00,8.167689638031607,0.2640205912354296,1.6243500157775188,1.7197413567985784,-0.09539134102105962
4588,2018-01-18 08:00:00,8.922568799992,0.2805733999997485,1.8732233268499288,1.8943665136678671,-0.021143186817938364
4589,2018-01-18 10:00:00,9.202833920008034,0.3020947200002637,1.9656228947693257,2.1214073702761547,-0.15578447550682895
4590,2018-01-18 12:00:00,9.32480758,0.30502406,2.005835938333792,2.1523106728069066,-0.14647473447311476
4591,2018-01-18 14:00:00,9.628865538563119,0.3266658744908328,2.106079678946533,2.3806226955099143,-0.2745430165633813
4592,2018-01-18 16:00:00,9.9008044968,0.3000445912,2.1957342254705567,2.0997793753874556,0.09595485008310112
4593,2018-01-18 18:00:00,10.14534621151872,0.3038574498768,2.2763562763950014,2.1400034276336144,0.13635284876138698
4594,2018-01-18 20:00:00,9.92504496,0.30180276,2.203725973875488,2.1183273153095614,0.08539865856592677
4595,2018-01-18 22:00:00,9.818607980261104,0.28339740231660004,2.168635160798367,1.9241585480350163,0.24447661276335086
4596,2018-01-19 00:00:00,10.067680000000001,0.27552000000000004,2.2507507911820874,1.8410552732467524,0.409695517935335
4597,2018-01-19 02:00:00,9.265594641605999,0.2633609018131776,1.9863142442944814,1.712781911396534,0.27353233289794754
4598,2018-01-19 04:00:00,9.234212274906728,0.272199937784391,1.9759679082140773,1.8060300159945655,0.16993789221951183
4599,2018-01-19 06:00:00,9.320564500008436,0.2742610000002482,2.0044370530288864,1.8277733538102754,0.17666369921861103
4600,2018-01-19 08:00:00,9.829017560918636,0.2827208612893312,2.172067056836387,1.9170213253015553,0.25504573153483157
4601,2018-01-19 10:00:00,9.814116838622944,0.28708784035006457,2.167154492969252,1.9630911140838243,0.2040633788854278
4602,2018-01-19 12:00:00,9.963004874068499,0.30033405997192003,2.2162408371520392,2.102833148944863,0.11340768820717617
4603,2018-01-19 14:00:00,9.532577056742683,0.2948032247453506,2.0743346865075383,2.044485168078933,0.029849518428605393
4604,2018-01-19 16:00:00,9.33260765,0.283337,2.0084075144817612,1.9235213290493003,0.08488618543246096
4605,2018-01-19 18:00:00,9.112740210008193,0.27807500000025004,1.9359202336755565,1.8680094465352426,0.06791078714031396
4606,2018-01-19 20:00:00,9.413936913916734,0.2805481598187104,2.0352206578535763,1.8941002403944944,0.14112041745908188
4607,2018-01-19 22:00:00,9.585994023320126,0.2878879052593344,2.0919455280958106,1.9715314617176358,0.12041406637817476
4608,2018-01-20 00:00:00,9.736758999991599,0.2838390999997551,2.1416506740698265,1.9288182724544765,0.21283240161535
4609,2018-01-20 02:00:00,9.6539467000083,0.2835394000002438,2.114348594037782,1.9256565637575696,0.18869203028021264
4610,2018-01-20 04:00:00,10.42198747546678,0.3071914146506584,2.36756110864817,2.1751753510165917,0.19238575763157817
4611,2018-01-20 06:00:00,10.242855473181274,0.30679327991902505,2.3085037432122917,2.1709751973776243,0.13752854583466734
4612,2018-01-20 08:00:00,10.00556935379208,0.30414075381918,2.230273762601156,2.1429921648373225,0.08728159776383349
4613,2018-01-20 10:00:00,9.492403813586119,0.29891120637237606,2.061090118973144,2.0878226430808677,-0.026732524107723865
4614,2018-01-20 12:00:00,9.5320246,0.29904000000000003,2.0741525490930957,2.0891813615767933,-0.015028812483697696
4615,2018-01-20 14:00:00,10.1222911795638,0.3036261299869158,2.2687553484205156,2.1375631002769,0.1311922481436154
4616,2018-01-20 16:00:00,10.704767999958184,0.306431999998803,2.4607899709394583,2.1671638464678926,0.29362612447156566
4617,2018-01-20 18:00:00,10.507214700099047,0.3076841000029004,2.395659356230817,2.1803729738579745,0.2152863823728426
4618,2018-01-20 20:00:00,10.13424,0.315663,2.272694710712149,2.2645470064029105,0.008147704309238613
4619,2018-01-20 22:00:00,10.002767196520256,0.3121242810518736,2.2293499297633637,2.2272150127677914,0.0021349169955722225
4620,2018-01-21 00:00:00,9.49823655,0.30131131,2.0630130922079135,2.1131427249137364,-0.050129632705822935
4621,2018-01-21 02:00:00,9.481898285382364,0.29221525099830903,2.057626590344478,2.017183135657408,0.04044345468707
4622,2018-01-21 04:00:00,9.305478,0.283038,1.9994632407966841,1.9203670050522474,0.0790962357444367
4623,2018-01-21 06:00:00,8.689519338274387,0.26489099239953423,1.7963901141928436,1.728923722280177,0.06746639191266657
4624,2018-01-21 08:00:00,8.54671569113948,0.25404745304996,1.7493097094252987,1.6145289517673058,0.1347807576579929
4625,2018-01-21 10:00:00,9.083500485119043,0.2746140700273118,1.926280297226508,1.8314980938069536,0.09478220341955446
4626,2018-01-21 12:00:00,8.98705662207025,0.27022164463603104,1.894484077726643,1.785159856960863,0.10932422076577986
4627,2018-01-21 14:00:00,8.435825,0.253,1.7127505687552604,1.6034787635021719,0.10927180525308855
4628,2018-01-21 16:00:00,8.1962168,0.24356682,1.633755030000107,1.5039626897813736,0.12979234021873332
4629,2018-01-21 18:00:00,8.507235499970282,0.250754999999124,1.736293631630101,1.5797949595685705,0.15649867206153045
4630,2018-01-21 20:00:00,8.290360699911913,0.2516303199973264,1.6647929831838997,1.5890292166770321,0.07576376650686756
4631,2018-01-21 22:00:00,8.368921,0.2529898,1.690693237141089,1.6033711578006,0.08732207934048897
4632,2018-01-22 00:00:00,8.198152168304631,0.2536744565068476,1.6343930943982117,1.6105939954236361,0.02379909897457555
4633,2018-01-22 02:00:00,8.319200177121623,0.250615647146592,1.6743009634600254,1.5783248456996763,0.09597611776034909
4634,2018-01-22 04:00:00,8.296713962119954,0.249434859177397,1.6668875666371243,1.5658680302258867,0.10101953641123762
4635,2018-01-22 06:00:00,8.539724931406143,0.260509737881965,1.7470049517774269,1.6827033334441748,0.0643016183332521
4636,2018-01-22 08:00:00,8.499219236262345,0.27234690996158395,1.7336507793804206,1.8075805105277387,-0.07392973114731816
4637,2018-01-22 10:00:00,8.378153070468558,0.2770541331647544,1.6937369242122713,1.8572397316288907,-0.16350280741661938
4638,2018-01-22 12:00:00,7.658416290939401,0.264920774580292,1.456449574861101,1.7292379117365275,-0.2727883368754265
4639,2018-01-22 14:00:00,7.282119790041385,0.2393581922972548,1.3323897771575248,1.459563441094315,-0.1271736639367902
4640,2018-01-22 16:00:00,7.580742119978439,0.2370135599993259,1.4308414655291952,1.4348285584133047,-0.003987092884109478
4641,2018-01-22 18:00:00,7.356114831678051,0.237120030086728,1.356784927988333,1.4359517729673537,-0.0791668449790206
4642,2018-01-22 20:00:00,7.0630190001097155,0.2239220000034784,1.2601552503661544,1.2967181174308346,-0.03656286706468026
4643,2018-01-22 22:00:00,7.38626967,0.23224419,1.3667265647909002,1.3845137148022761,-0.017787150011375985
4644,2018-01-23 00:00:00,7.197959999993235,0.2286535999997851,1.3046434481238178,1.346634503426839,-0.04199105530302116
4645,2018-01-23 02:00:00,7.482399376606367,0.23164349927287198,1.3984192112184635,1.3781766807708813,0.020242530447582174
4646,2018-01-23 04:00:00,7.108820345309884,0.21981904624668,1.2752553259887671,1.2534336843409777,0.021821641647789436
4647,2018-01-23 06:00:00,6.805110383916718,0.2121646741407648,1.175126315272272,1.1726832842872652,0.0024430309850067555
4648,2018-01-23 08:00:00,7.033116311700468,0.21619039385486,1.2502967439330857,1.2151529307741518,0.03514381315893389
4649,2018-01-23 10:00:00,6.777133050907503,0.2108039346038688,1.1659025721199288,1.158328055608437,0.007574516511491769
4650,2018-01-23 12:00:00,6.8336894980448495,0.2133344270367084,1.1845484574097145,1.1850236843885928,-0.0004752269788783625
4651,2018-01-23 14:00:00,7.3391254159012815,0.232576021561022,1.3511837505143516,1.388014397932414,-0.03683064741806241
4652,2018-01-23 16:00:00,7.690991799669501,0.2364688999898384,1.467189273512305,1.429082624840858,0.038106648671447196
4653,2018-01-23 18:00:00,7.588077240980469,0.2450925077618476,1.4332597543665118,1.5200580527218608,-0.08679829835534902
4654,2018-01-23 20:00:00,7.654098099993023,0.2370616999997839,1.4550259265040884,1.4353364151312404,0.019689511372847912
4655,2018-01-23 22:00:00,7.594079579819718,0.23528515256909602,1.4352386431958488,1.4165945884003999,0.01864405479544895
4656,2018-01-24 00:00:00,7.3926336011690985,0.2278848000360386,1.3688246656543253,1.3385239877927957,0.030300677861529568
4657,2018-01-24 02:00:00,7.592970965398879,0.2262684670132623,1.4348731482192747,1.3214723555487413,0.11340079267053338
4658,2018-01-24 04:00:00,7.538901898049615,0.22457481088893,1.4170473179461713,1.3036049971683505,0.1134423207778208
4659,2018-01-24 06:00:00,7.669638174140236,0.2373069579622272,1.460149275911805,1.437923783279746,0.022225492632059085
4660,2018-01-24 08:00:00,7.7591830807631474,0.2382355154528144,1.489671004055737,1.447719673497814,0.041951330557923106
4661,2018-01-24 10:00:00,7.753588447513622,0.234606767429562,1.4878265301701028,1.4094379110596764,0.07838861911042638
4662,2018-01-24 12:00:00,8.80895990057633,0.245501355883563,1.8357680301751031,1.524371228111416,0.31139680206368725
4663,2018-01-24 14:00:00,8.895572,0.238246624,1.8643228519912503,1.4478368639893189,0.4164859880019314
4664,2018-01-24 16:00:00,9.1234157199366,0.2365412417144538,1.9394398029485638,1.4298457995496958,0.509594003398868
4665,2018-01-24 18:00:00,9.065604097314377,0.2454383187449745,1.9203801035085941,1.5237062128640737,0.3966738906445204
4666,2018-01-24 20:00:00,8.799327524715233,0.23997758198107,1.8325923679037808,1.4660977412387473,0.3664946266650335
4667,2018-01-24 22:00:00,8.641707552,0.248161952,1.7806272237091643,1.55243939592594,0.22818782778322433
4668,2018-01-25 00:00:00,8.894989544782723,0.2489352396340992,1.864130824490983,1.5605972545910343,0.30353356989994884
4669,2018-01-25 02:00:00,8.998858049999997,0.25631905,1.8983748467295003,1.638493342306246,0.2598815044232543
4670,2018-01-25 04:00:00,8.831242559862584,0.2564625599960094,1.8431143174691742,1.6400073122869465,0.20310700518222768
4671,2018-01-25 06:00:00,8.708391119128898,0.25700599454399997,1.8026118816276444,1.6457403177570273,0.15687156387061707
4672,2018-01-25 08:00:00,8.88222912019592,0.2544483000056125,1.8599238874371635,1.6187577182267048,0.24116616921045875
4673,2018-01-25 10:00:00,8.706123810007796,0.2480634900002221,1.8018643808929202,1.551400663321601,0.25046371757131913
4674,2018-01-25 12:00:00,8.732793299961115,0.248160899998895,1.8106569461189335,1.5524282977576107,0.25822864836132275
4675,2018-01-25 14:00:00,8.446900000000001,0.2448504,1.7164018444282694,1.5175039178620997,0.19889792656616967
4676,2018-01-25 16:00:00,8.5798899999844,0.2477199999995496,1.7602468242654183,1.547776988566187,0.2124698356992314
4677,2018-01-25 18:00:00,8.800366966355726,0.2509450257059295,1.8329350575629633,1.5817996506957732,0.25113540686719005
4678,2018-01-25 20:00:00,8.82863098430987,0.2576936245420302,1.84225331681149,1.6529945244589677,0.1892587923525224
4679,2018-01-25 22:00:00,8.724468182445934,0.2522290969100152,1.8079122690030764,1.5953460607726027,0.21256620823047379
4680,2018-01-26 00:00:00,8.820440999999997,0.251425,1.8395531912608845,1.586863177230071,0.2526900140308135
4681,2018-01-26 02:00:00,8.7577681897732,0.2672271635800533,1.8188908249096272,1.7535693437381517,0.06532148117147552
4682,2018-01-26 04:00:00,8.384168639917617,0.2596996973997712,1.695720174992284,1.6741577477198666,0.021562427272417306
4683,2018-01-26 06:00:00,8.143387502355733,0.251114272498635,1.6163379348027587,1.5835851330357569,0.03275280176700179
4684,2018-01-26 08:00:00,7.484199434542897,0.224794143804292,1.3990126656431727,1.3059188669953403,0.0930937986478324
4685,2018-01-26 10:00:00,7.512679258613054,0.22315305172632335,1.408402073209667,1.2886060371528327,0.1197960360568342
4686,2018-01-26 12:00:00,7.50075999957933,0.22702159998726776,1.4044724569071732,1.3294175910433141,0.07505486586385901
4687,2018-01-26 14:00:00,7.7905484143358255,0.2345806971036144,1.5000117245478104,1.4091628801073437,0.0908488444404667
4688,2018-01-26 16:00:00,8.036316000000001,0.2403864,1.5810379283175267,1.4704105990566019,0.11062732926092478
4689,2018-01-26 18:00:00,7.952452860387356,0.2310248805922684,1.5533894008656297,1.3716505143854194,0.1817388864802103
4690,2018-01-26 20:00:00,7.920306600000001,0.2330556,1.54279121950847,1.3930737483623052,0.14971747114616485
4691,2018-01-26 22:00:00,8.07615210164868,0.23798357497656,1.594171344918638,1.44506180764471,0.14910953727392817
4692,2018-01-27 00:00:00,7.973395970870012,0.22565077732143984,1.5602940572830069,1.3149559896034313,0.24533806767957556
4693,2018-01-27 02:00:00,7.940723090079285,0.2219925500022165,1.5495222563982858,1.2763632330158043,0.27315902338248144
4694,2018-01-27 04:00:00,8.095950199856008,0.23299639999585606,1.6006985064857937,1.392449213266329,0.20824929321946462
4695,2018-01-27 06:00:00,8.016487438118899,0.2369974789142076,1.5745007232947539,1.4346589097421096,0.13984181355264425
4696,2018-01-27 08:00:00,8.116691192029519,0.24214122775033198,1.6075365272674822,1.4889232923126767,0.11861323495480547
4697,2018-01-27 10:00:00,7.85913388,0.23282584,1.5226234123402755,1.3906498771865095,0.1319735351537661
4698,2018-01-27 12:00:00,7.931596699620242,0.23034165497190895,1.546513410577475,1.3644427720118373,0.18207063856563765
4699,2018-01-27 14:00:00,8.223144913527456,0.2418538208627364,1.6426328598730466,1.4858912707659848,0.15674158910706182
4700,2018-01-27 16:00:00,8.130642546803497,0.2433466959430625,1.612136097677571,1.501640473744161,0.11049562393340984
4701,2018-01-27 18:00:00,8.26229,0.24725,1.6555384582437023,1.5428186866357718,0.11271977160793045
4702,2018-01-27 20:00:00,8.248896643383205,0.247864176930876,1.651122852176449,1.5492979944334255,0.10182485774302341
4703,2018-01-27 22:00:00,8.311811639870072,0.2476357091562003,1.6718650640175239,1.5468877556902385,0.12497730832728537
4704,2018-01-28 00:00:00,8.4847163317,0.245757386,1.7288693705662939,1.5270722379450126,0.2017971326212813
4705,2018-01-28 02:00:00,8.530829599889113,0.2496101999967555,1.7440722829222146,1.5677178019789482,0.17635448094326645
4706,2018-01-28 04:00:00,8.860285835874926,0.2543628412481994,1.8526894874166533,1.6178561643495593,0.23483332306709404
4707,2018-01-28 06:00:00,8.860963999992581,0.2612909599997812,1.8529130688293034,1.6909448975687766,0.16196817126052676
4708,2018-01-28 08:00:00,8.94375000012,0.2609190000035008,1.8802064781594083,1.6870208763573693,0.19318560180203903
4709,2018-01-28 10:00:00,9.213037347276249,0.2629624107164475,1.9689868248610405,1.7085779982559728,0.2604088266050677
4710,2018-01-28 12:00:00,9.08112865,0.25895429,1.9254983357032083,1.6662940137777957,0.25920432192541254
4711,2018-01-28 14:00:00,8.88393690648,0.25298293200000005,1.860486921163011,1.6032987032948758,0.2571882178681353
4712,2018-01-28 16:00:00,9.089762967107882,0.25477357750358337,1.9283449516859665,1.6221892587536302,0.30615569293233635
4713,2018-01-28 18:00:00,9.214440499999998,0.25445785,1.9694494250782635,1.618858466642986,0.35059095843527754
4714,2018-01-28 20:00:00,9.284133449044793,0.2538046499738871,1.9924262349588477,1.6119674816354828,0.380458753323365
4715,2018-01-28 22:00:00,9.0059999237112,0.252404997861906,1.9007294245842552,1.5972017416878321,0.30352768289642307
4716,2018-01-29 00:00:00,8.590763400037247,0.242633280001052,1.7638316351995804,1.4941142361998003,0.2697173989997801
4717,2018-01-29 02:00:00,8.74777392623613,0.2452150101911898,1.8155958532326484,1.5213504017271162,0.29424545150553216
4718,2018-01-29 04:00:00,8.80447589979507,0.2492861489941977,1.8342897165886145,1.5642992004617675,0.269990516126847
4719,2018-01-29 06:00:00,8.739848085023194,0.2376205900006306,1.8129828120399694,1.441232469115801,0.3717503429241684
4720,2018-01-29 08:00:00,8.58585999828615,0.2408589599519214,1.762215050862897,1.4753959074057383,0.28681914345715875
4721,2018-01-29 10:00:00,8.40310590000748,0.23593500000021,1.701963530033327,1.4234502049434965,0.2785133250898304
4722,2018-01-29 12:00:00,8.634843,0.23156279999999996,1.778364075020794,1.3773253374499284,0.4010387375708657
4723,2018-01-29 14:00:00,8.670951569908702,0.3207115799966232,1.7902685755079062,2.317807397822273,-0.5275388223143669
4724,2018-01-29 16:00:00,8.571157790030071,0.2973380800010432,1.7573679343531976,2.071226822801631,-0.31385888844843346
4725,2018-01-29 18:00:00,8.44774360002258,0.295191200000789,1.7166799677908149,2.048578143525395,-0.33189817573458025
4726,2018-01-29 20:00:00,8.398079205505956,0.30659007768780505,1.7003062977670462,2.168831499470628,-0.4685252017035817
4727,2018-01-29 22:00:00,8.350418059999999,0.31244741,1.6845930714795867,2.230623886999288,-0.5460308155197011
4728,2018-01-30 00:00:00,8.145598799320268,0.2744788499770953,1.6170669690973325,1.8300715792608646,-0.21300461016353212
4729,2018-01-30 02:00:00,8.22275181681168,0.28523033758986,1.6425032612748118,1.9434952427423353,-0.3009919814675235
4730,2018-01-30 04:00:00,8.143571985504554,0.2856775880972112,1.6163987563678486,1.9482135471170245,-0.33181479074917597
4731,2018-01-30 06:00:00,8.49029617888129,0.2864204323429263,1.7307089696879323,1.956050240863953,-0.22534127117602076
4732,2018-01-30 08:00:00,8.378361487233308,0.3189717668121,1.6938056363624272,2.2994531019081244,-0.6056474655456972
4733,2018-01-30 10:00:00,8.19994941011913,0.3465791100050352,1.6349856203860937,2.5906989384577845,-0.9557133180716908
4734,2018-01-30 12:00:00,7.9436775315846155,0.3092213661874656,1.5504962952602037,2.196590484278816,-0.6460941890186125
4735,2018-01-30 14:00:00,7.65966599953996,0.3017412899818774,1.4568615866544703,2.117678832522727,-0.6608172458682566
4736,2018-01-30 16:00:00,7.604015107574692,0.290452084107976,1.4385142504906778,1.9985824679885573,-0.5600682174978795
4737,2018-01-30 18:00:00,7.4692845000000005,0.3565575,1.3940954161929708,2.6959667478660427,-1.301871331673072
4738,2018-01-30 20:00:00,7.398012904454669,0.3578773219459988,1.3705981482027982,2.709890313204173,-1.3392921650013747
4739,2018-01-30 22:00:00,7.20160641297834,0.36144464692180495,1.305845620496392,2.7475240883763172,-1.4416784678799253
4740,2018-01-31 00:00:00,6.805297074190865,0.3263933841890142,1.1751878644963245,2.377748037657103,-1.2025601731607787
4741,2018-01-31 02:00:00,7.242057166151363,0.3247734410541225,1.3191816792788318,2.360658320251585,-1.0414766409727534
4742,2018-01-31 04:00:00,7.122738772524492,0.3195290429376955,1.2798440406339353,2.3053321301888956,-1.0254880895549603
4743,2018-01-31 06:00:00,7.1875876599790125,0.3343159599990237,1.3012238298153662,2.4613278737640703,-1.160104043948704
4744,2018-01-31 08:00:00,7.0604883489091765,0.3345909798614002,1.2593209293579921,2.4642292174147737,-1.2049082880567816
4745,2018-01-31 10:00:00,7.233284326469178,0.326148033040898,1.3162893943023297,2.3751596864390185,-1.0588702921366888
4746,2018-01-31 12:00:00,7.003499999986201,0.3463179999993176,1.240532651970419,2.5879443379330165,-1.3474116859625975
4747,2018-01-31 14:00:00,6.6847760700734815,0.4151904300045639,1.1354537416592727,3.3145194506450197,-2.179065708985747
4748,2018-01-31 16:00:00,6.658727699999999,0.44082029999999994,1.1268659511427197,3.5849037782970194,-2.4580378271542997
4749,2018-01-31 18:00:00,6.71310299,0.4218911,1.14479273882577,3.385208695337113,-2.2404159565113435
4750,2018-01-31 20:00:00,6.622502714435197,0.423506935592108,1.1149230700097317,3.402255079897241,-2.2873320098875096
4751,2018-01-31 22:00:00,6.7513938135715055,0.4004968470912621,1.1574166984290288,3.1595083429991564,-2.0020916445701276
4752,2018-02-01 00:00:00,6.699554895,0.4071558335000001,1.1403261176348798,3.229757843417654,-2.0894317257827746
4753,2018-02-01 02:00:00,6.603855000000001,0.38994,1.108775174201656,3.048138054995192,-1.9393628807935361
4754,2018-02-01 04:00:00,6.4685362039753445,0.3952397822838465,1.0641624222354606,3.104048524684464,-2.039886102449003
4755,2018-02-01 06:00:00,6.496406234736526,0.3941596574840141,1.073350789307632,3.0926536632265273,-2.019302873918895
4756,2018-02-01 08:00:00,6.22796765,0.38819415,0.9848502679401127,3.0297200732217653,-2.0448698052816527
4757,2018-02-01 10:00:00,5.913481699999998,0.42205590000000004,0.8811685615077932,3.386947265887997,-2.505778704380204
4758,2018-02-01 12:00:00,5.780300945162216,0.421391943671888,0.837260692410539,3.379942806427265,-2.542682114016726
4759,2018-02-01 14:00:00,5.74872039864642,0.3773438799843724,0.8268490191614706,2.9152542970184316,-2.0884052778569613
4760,2018-02-01 16:00:00,5.428489282173149,0.3790900484343832,0.721273210103306,2.9336756383052727,-2.2124024282019668
4761,2018-02-01 18:00:00,5.188247063320579,0.362110730073638,0.6420686440242138,2.7545509849310315,-2.1124823409068174
4762,2018-02-01 20:00:00,5.432973748186092,0.3625397998789588,0.7227516770703032,2.759077490560912,-2.036325813490609
4763,2018-02-01 22:00:00,5.0966537757387815,0.3485717073026523,0.6118715927593582,2.611720000238173,-1.9998484074788148
4764,2018-02-02 00:00:00,4.9301422178012,0.33233150052050003,0.5569750148115282,2.440392662545722,-1.8834176477341937
4765,2018-02-02 02:00:00,4.951805041844398,0.3055380367577105,0.5641169509232745,2.157732911003474,-1.5936159600801996
4766,2018-02-02 04:00:00,5.04922128517355,0.2902882327944317,0.596233750871229,1.9968539056799908,-1.4006201548087618
4767,2018-02-02 06:00:00,4.6985917635008505,0.28278400706023604,0.4806360043500467,1.9176874865740552,-1.4370514822240086
4768,2018-02-02 08:00:00,4.590486882578245,0.30330231144997044,0.4449953071178864,2.134146951173966,-1.6891516440560799
4769,2018-02-02 10:00:00,4.2234150008891405,0.2685298500565326,0.32397673990733633,1.7673121370939877,-1.4433353971866514
4770,2018-02-02 12:00:00,4.67070891,0.27102011000000004,0.4714434097963933,1.7935833300658226,-1.3221399202694293
4771,2018-02-02 14:00:00,5.197596000022973,0.2648935000011708,0.6451508602905748,1.728950176420703,-1.0837993161301283
4772,2018-02-02 16:00:00,5.0090256622799565,0.2053970181729144,0.5829818050443399,1.1012873658150637,-0.5183055607707238
4773,2018-02-02 18:00:00,4.7701862390655,0.2123995218172653,0.5042397214562315,1.1751608283061201,-0.6709211068498886
4774,2018-02-02 20:00:00,4.808063600184068,0.2113624000080916,0.5167273681569073,1.1642196302775467,-0.6474922621206394
4775,2018-02-02 22:00:00,4.982692640050546,0.2246390400022788,0.574300168614269,1.3042825872470982,-0.7299824186328292
4776,2018-02-03 00:00:00,4.8795965508910415,0.2344908067458404,0.5403108013609595,1.4082145747139323,-0.8679037733529728
4777,2018-02-03 02:00:00,4.570153200021919,0.2008272000009632,0.4382915707331831,1.0530777098887973,-0.6147861391556142
4778,2018-02-03 04:00:00,4.6704456479013565,0.2116111919955306,0.4713566158915263,1.1668442809004675,-0.6954876650089412
4779,2018-02-03 06:00:00,4.847868877378756,0.216663558614946,0.52985062235811,1.2201446195945498,-0.6902939972364398
4780,2018-02-03 08:00:00,5.098226,0.2339716,0.6123899335446856,1.402737162346587,-0.7903472288019013
4781,2018-02-03 10:00:00,5.155149999994335,0.2485209999997269,0.6311569959726445,1.5562272010150116,-0.925070205042367
4782,2018-02-03 12:00:00,5.300128000000001,0.26091220000000004,0.678954255073511,1.6869491391860563,-1.0079948841125452
4783,2018-02-03 14:00:00,5.215642317224279,0.2399682598722909,0.6511004836751817,1.4659993969196004,-0.8148989132444187
4784,2018-02-03 16:00:00,5.221486542457528,0.21939019085956007,0.6530272446161971,1.248909440732758,-0.5958821961165608
4785,2018-02-03 18:00:00,5.252706605651112,0.21892884877667168,0.6633200714557924,1.2440424761745466,-0.5807224047187541
4786,2018-02-03 20:00:00,5.17293379919895,0.22147481168605768,0.6370200707725973,1.2709013119627828,-0.6338812411901855
4787,2018-02-03 22:00:00,5.22819309407667,0.21962705842340868,0.655238302745023,1.2514082937119253,-0.5961699909669023
4788,2018-02-04 00:00:00,4.95702858339884,0.2115652666979397,0.5658390809643291,1.1663597883644719,-0.6005207074001427
4789,2018-02-04 02:00:00,5.181623999994367,0.2200639999997608,0.6398851108410275,1.2560178432089073,-0.6161327323678798
4790,2018-02-04 04:00:00,5.149593904918318,0.22274772196634096,0.6293252275944972,1.2843299789968725,-0.6550047514023754
4791,2018-02-04 06:00:00,5.185232113762381,0.226172399727924,0.6410746564867696,1.3204588861725732,-0.6793842296858036
4792,2018-02-04 08:00:00,4.876931355212584,0.2052414233656397,0.5394321228828954,1.0996459061682295,-0.5602137832853341
4793,2018-02-04 10:00:00,4.913196320442704,0.2075557189410675,0.5513881847634582,1.1240607492111898,-0.5726725644477316
4794,2018-02-04 12:00:00,4.886013843933996,0.19131955665546,0.5424264949026575,0.9527760792528764,-0.41034958435021895
4795,2018-02-04 14:00:00,4.598166411904404,0.2003399267187934,0.44752714265818044,1.0479371821059513,-0.6004100394477709
4796,2018-02-04 16:00:00,4.674301500005517,0.1922130000002268,0.4726278374704553,0.9622015300301511,-0.4895736925596958
4797,2018-02-04 18:00:00,4.465016334890955,0.19771775625039806,0.40362938761904743,1.0202743886851398,-0.6166450010660923
4798,2018-02-04 20:00:00,4.24633922,0.19072108,0.33153454068044663,0.9464624027445372,-0.6149278620640906
4799,2018-02-04 22:00:00,4.3353346677265385,0.189661192201161,0.360875119758767,0.9352810331189142,-0.5744059133601471
4800,2018-02-05 00:00:00,4.360921822191949,0.17946446958062245,0.36931085381213585,0.8277099065193956,-0.4583990527072597
4801,2018-02-05 02:00:00,4.3700080260596765,0.17910270615887094,0.37230645066470736,0.8238934548722828,-0.45158700420757547
4802,2018-02-05 04:00:00,4.452775092003005,0.18399964930629029,0.3995936176538863,0.8755541414345176,-0.4759605237806313
4803,2018-02-05 06:00:00,4.236054900021252,0.17883439000089718,0.3281439413710257,0.8210628324779896,-0.4929188911069639
4804,2018-02-05 08:00:00,4.0940105,0.170345,0.2813138499683468,0.7315033455208985,-0.45018949555255167
4805,2018-02-05 10:00:00,3.9260754999999996,0.160966,0.22594798268648073,0.6325588479678604,-0.4066108652813797
4806,2018-02-05 12:00:00,3.880668601226035,0.1719031100088465,0.21097795064312808,0.747940749504018,-0.5369627988608899
4807,2018-02-05 14:00:00,3.6942656619374263,0.1575549988247768,0.14952345695448188,0.5965742230147437,-0.44705076606026184
4808,2018-02-05 16:00:00,3.4752464000000005,0.13275824,0.07731580882514784,0.3349788671280389,-0.2576630583028911
4809,2018-02-05 18:00:00,3.2889888290000004,0.123826444,0.015909241068404485,0.24075218331673326,-0.22484294224832876
4810,2018-02-05 20:00:00,3.4674126517537838,0.1524756844413819,0.07473312942109517,0.5429895967668572,-0.46825646734576204
4811,2018-02-05 22:00:00,3.30948,0.140592,0.02266489923398047,0.41762173386767937,-0.3949568346336989
4812,2018-02-06 00:00:00,3.0751262999714823,0.1318585999987772,-0.05459830291442875,0.3254880442365148,-0.3800863471509435
4813,2018-02-06 02:00:00,2.9557881526305163,0.1275338447406,-0.09394245408805943,0.2798636987774892,-0.37380615286554864
4814,2018-02-06 04:00:00,3.0597658,0.1247568,-0.05966244917818669,0.25056704705118843,-0.3102294962293751
4815,2018-02-06 06:00:00,2.7876505411462893,0.11157820161455101,-0.14937511959867736,0.11153838773766571,-0.26091350733634305
4816,2018-02-06 08:00:00,3.0943774806589746,0.1339731342018,-0.048251452555879835,0.34779548898294876,-0.3960469415388286
4817,2018-02-06 10:00:00,3.062506310845705,0.12543202124368052,-0.05875894032197554,0.2576903466239688,-0.3164492869459443
4818,2018-02-06 12:00:00,3.357068,0.13870999999999994,0.03835401045087637,0.39776742696984135,-0.35941341651896497
4819,2018-02-06 14:00:00,3.4694568,0.1461645,0.07540705707467824,0.4764092605351605,-0.4010022034604822
4820,2018-02-06 16:00:00,3.298088213069688,0.1431441117220101,0.01890918325287494,0.44454543703790106,-0.4256362537850261
4821,2018-02-06 18:00:00,3.537064156189121,0.1527467945927681,0.09769627558210493,0.5458496946142222,-0.44815341903211725
4822,2018-02-06 20:00:00,3.74338036089,0.15586734342,0.1657158998865507,0.578770169696873,-0.41305426981032234
4823,2018-02-06 22:00:00,3.775954639432923,0.154093799976858,0.17645519296190734,0.5600600337687174,-0.38360484080681
4824,2018-02-07 00:00:00,3.75316284,0.15036759,0.16894104914127359,0.5207500887919254,-0.3518090396506518
4825,2018-02-07 02:00:00,3.4947583890768,0.1464158150090301,0.08374864413423351,0.47906052797262916,-0.39531188383839566
4826,2018-02-07 04:00:00,3.6292313621314154,0.1513364779177092,0.12808253986257923,0.5309714480203024,-0.40288890815772316
4827,2018-02-07 06:00:00,3.7625774999269868,0.15259019999703902,0.1720449334537841,0.5441976876205197,-0.37215275416673554
4828,2018-02-07 08:00:00,3.9773271203098433,0.161121070536691,0.24284493929502202,0.6341947767809718,-0.39134983748594976
4829,2018-02-07 10:00:00,4.3780175984476815,0.16774109094052386,0.37494709687793737,0.7040332022685614,-0.329086105390624
4830,2018-02-07 12:00:00,4.36598999997906,0.16763399999919598,0.37098176254898124,0.7029034379672319,-0.33192167541825063
4831,2018-02-07 14:00:00,4.452501721181342,0.1633727272653432,0.39950349104162003,0.6579488063873699,-0.2584453153457498
4832,2018-02-07 16:00:00,4.55302895677969,0.16694411656320898,0.4326459424921873,0.6956254584444792,-0.2629795159522919
4833,2018-02-07 18:00:00,4.381198080209165,0.160112400007644,0.3759956581135267,0.6235537277679521,-0.24755806965442545
4834,2018-02-07 20:00:00,4.3843152782551496,0.15931908500733,0.3770233555756714,0.6151845888291144,-0.23816123325344302
4835,2018-02-07 22:00:00,3.9344323667528975,0.1477351539848352,0.22870312709076324,0.4929789981787467,-0.26427587108798345
4836,2018-02-08 00:00:00,4.163618130206669,0.15407672618879498,0.30426253139763554,0.5598799124997951,-0.25561738110215954
4837,2018-02-08 02:00:00,4.192028835894648,0.15760709963572,0.3136291515810684,0.5971238646141553,-0.28349471303308693
4838,2018-02-08 04:00:00,4.148781037728184,0.1571356515706305,0.299370945408934,0.5921502862025301,-0.2927793407935961
4839,2018-02-08 06:00:00,4.54610068499087,0.1644403414174038,0.4303617862629765,0.6692116857834836,-0.23884989952050706
4840,2018-02-08 08:00:00,4.619815200127512,0.1644934200045402,0.45466445135245986,0.6697716425096842,-0.21510719115722438
4841,2018-02-08 10:00:00,4.75518055612275,0.16813260060220794,0.49929255350266594,0.7081634642114648,-0.20887091070879887
4842,2018-02-08 12:00:00,4.8165,0.1653665,0.5195087335217544,0.6789822685331813,-0.15947353501142691
4843,2018-02-08 14:00:00,4.561193668509963,0.159759430691769,0.4353377360197603,0.6198300502318724,-0.18449231421211215
4844,2018-02-08 16:00:00,4.410109197622661,0.15668854696406162,0.38552725718272635,0.5874335210196101,-0.20190626383688376
4845,2018-02-08 18:00:00,4.61671379,0.1614912,0.4536419589505994,0.6380994866409445,-0.18445752769034512
4846,2018-02-08 20:00:00,4.418534713203142,0.1545596564240218,0.38830503416435747,0.5649746229676157,-0.17666958880325823
4847,2018-02-08 22:00:00,4.5438525,0.1614525,0.42962059049181733,0.6376912179496872,-0.20807062745786986
4848,2018-02-09 00:00:00,4.4079109199944915,0.1567395899998041,0.3848025151848705,0.587972003536416,-0.20316948835154547
4849,2018-02-09 02:00:00,4.4105005540629625,0.1602255638561656,0.38565628203599484,0.6247475586809638,-0.23909127664496893
4850,2018-02-09 04:00:00,4.252019307836519,0.1564064268331142,0.33340718777191664,0.5844572725276398,-0.25105008475572316
4851,2018-02-09 06:00:00,4.30016,0.15664,0.34927851401826465,0.5869213710071565,-0.23764285698889182
4852,2018-02-09 08:00:00,4.444178559328586,0.16216308249621206,0.39675945868085444,0.6451875638349293,-0.24842810515407482
4853,2018-02-09 10:00:00,4.401076489006423,0.16293850300394,0.3825492969812055,0.6533679234179832,-0.27081862643677773
4854,2018-02-09 12:00:00,4.359518250237074,0.1621072500088155,0.36884811538015844,0.6445985546215177,-0.2757504392413593
4855,2018-02-09 14:00:00,4.44470508773341,0.16402999041197106,0.39693304787775563,0.6648826556040479,-0.2679496077262923
4856,2018-02-09 16:00:00,4.6262550000000005,0.17255845,0.4567875650873095,0.7548543102408871,-0.2980667451535776
4857,2018-02-09 18:00:00,4.58882496,0.17384268,0.444447394027108,0.7684023955476935,-0.32395500152058554
4858,2018-02-09 20:00:00,4.5594585,0.1704015,0.43476567474942174,0.7320993967109772,-0.2973337219615555
4859,2018-02-09 22:00:00,4.629930447454148,0.17329897560511714,0.45799930972629377,0.7626665433066164,-0.30466723358032266
4860,2018-02-10 00:00:00,4.7097741599999985,0.17797644,0.4843226871765274,0.8120118215211287,-0.32768913434460134
4861,2018-02-10 02:00:00,4.657880150293591,0.1785632103527184,0.4672139435904447,0.81820200146875,-0.3509880578783053
4862,2018-02-10 04:00:00,4.7052365355626815,0.1801424808722798,0.4828266946057623,0.8348626399225646,-0.3520359453168023
4863,2018-02-10 06:00:00,4.806180859371528,0.182587972608252,0.5161066543214754,0.8606615471712985,-0.3445548928498231
4864,2018-02-10 08:00:00,4.6708319999674135,0.17371999999878798,0.4714839908712112,0.7671081732340429,-0.2956241823628317
4865,2018-02-10 10:00:00,4.56099002625249,0.1730478013373385,0.4352705979591998,0.7600167606300399,-0.32474616267084006
4866,2018-02-10 12:00:00,4.611081280333943,0.1746232025204456,0.45178499772968206,0.7766365792148565,-0.32485158148517446
4867,2018-02-10 14:00:00,4.4014958283657695,0.16674097618232522,0.3826875474192658,0.6934824130324656,-0.3107948656131998
4868,2018-02-10 16:00:00,4.31349573987708,0.16961907999516646,0.35367512463630085,0.7238451953831488,-0.370170070746848
4869,2018-02-10 18:00:00,4.331035099999999,0.16701300000000002,0.3594576112220298,0.6963521496741429,-0.33689453845211315
4870,2018-02-10 20:00:00,4.185924489236976,0.161806764597268,0.3116166321724212,0.6414285601586127,-0.3298119279861915
4871,2018-02-10 22:00:00,4.330802785273246,0.16786986345240926,0.35938102024141794,0.7053916980023436,-0.34601067776092564
4872,2018-02-11 00:00:00,4.203217056927916,0.1594511153782272,0.31731775467659995,0.6165774536025621,-0.29925969892596216
4873,2018-02-11 02:00:00,4.09534035,0.15588689,0.28175228328245494,0.57897637787866,-0.297224094596205
4874,2018-02-11 04:00:00,4.145810098019916,0.15732103627624738,0.29839146731568134,0.5941060167229779,-0.2957145494072966
4875,2018-02-11 06:00:00,4.09296857950779,0.153782056455495,0.2809703430657358,0.5567712709915902,-0.27580092792585437
4876,2018-02-11 08:00:00,4.185458820030904,0.1565880200011562,0.3114631074190307,0.5863730039244817,-0.27490989650545095
4877,2018-02-11 10:00:00,4.2163674246314065,0.15782624487330554,0.3216532506302676,0.5994357545196934,-0.2777825038894258
4878,2018-02-11 12:00:00,4.2500100860981815,0.1593960575303853,0.3327447749091744,0.6159966165100076,-0.28325184160083317
4879,2018-02-11 14:00:00,4.304094923900699,0.1627960609451853,0.3505758044845186,0.6518652197252758,-0.3012894152407572
4880,2018-02-11 16:00:00,4.220150743980442,0.1618431626597972,0.3229005591541823,0.641812544379623,-0.3189119852254407
4881,2018-02-11 18:00:00,4.271513482258162,0.16202006011288494,0.33983414983341803,0.64367873796254,-0.303844588129122
4882,2018-02-11 20:00:00,4.207174440003361,0.16302686586676002,0.3186224496248751,0.6543001143833393,-0.3356776647584642
4883,2018-02-11 22:00:00,4.1101317,0.157365,0.28662878860308283,0.5945698154816157,-0.30794102687853286
4884,2018-02-12 00:00:00,4.270315681620631,0.1630763715746679,0.3394392513838532,0.6548223787393423,-0.3153831273554891
4885,2018-02-12 02:00:00,4.304307823664264,0.16391461548692868,0.35064599461792645,0.6636654987655217,-0.3130195041475953
4886,2018-02-12 04:00:00,4.23447550001515,0.16376100300058588,0.32762323484098227,0.6620449517691404,-0.3344217169281581
4887,2018-02-12 06:00:00,4.255234002040093,0.16480254600155278,0.3344670283806455,0.6730327915079775,-0.33856576312733194
4888,2018-02-12 08:00:00,4.473832,0.17265599999999998,0.4065357915516924,0.7558834216318985,-0.3493476300802061
4889,2018-02-12 10:00:00,4.26414625,0.16814525,0.337405274355167,0.7082969100275308,-0.37089163567236383
4890,2018-02-12 12:00:00,4.209001303941313,0.16981361507319218,0.3192247416207703,0.72589745847641,-0.40667271685563966
4891,2018-02-12 14:00:00,4.235023963449792,0.16955321040039206,0.32780405571650756,0.7231502989166839,-0.39534624320017636
4892,2018-02-12 16:00:00,4.239833003561833,0.17355374827387718,0.3293895303143961,0.765354287597128,-0.4359647572827319
4893,2018-02-12 18:00:00,4.10773199994396,0.17767919999757598,0.28583764039205467,0.8088760647568137,-0.523038424364759
4894,2018-02-12 20:00:00,4.194461106371503,0.1802521395987754,0.3144310378133318,0.8360194932753114,-0.5215884554619796
4895,2018-02-12 22:00:00,4.0808691,0.1991385,0.27698131054358166,1.035262636521368,-0.7582813259777863
4896,2018-02-13 00:00:00,4.1652469040315525,0.2065484141756296,0.3047995157988662,1.1134341084286934,-0.8086345926298272
4897,2018-02-13 02:00:00,4.160645962965481,0.1975921457656224,0.30328264860360743,1.0189492510048412,-0.7156666024012338
4898,2018-02-13 04:00:00,4.05118857,0.18504993,0.2671960466924759,0.8866341601496006,-0.6194381134571247
4899,2018-02-13 06:00:00,4.168098637156633,0.19220344439800024,0.305739693115843,0.9621007224535304,-0.6563610293376874
4900,2018-02-13 08:00:00,3.9946429604916247,0.18154018562403101,0.24855373442038903,0.8496078360404362,-0.6010541016200472
4901,2018-02-13 10:00:00,4.04506305,0.176904,0.26517654672312835,0.8006980314629368,-0.5355214847398084
4902,2018-02-13 12:00:00,4.0399629,0.1776412,0.26349509718600006,0.8084751807961386,-0.5449800836101385
4903,2018-02-13 14:00:00,3.9076319402580815,0.1740738700114968,0.21986739388202542,0.7708413527421526,-0.5509739588601272
4904,2018-02-13 16:00:00,3.965495002738891,0.1837018728035603,0.23894405233818294,0.8724127248180638,-0.6334686724798808
4905,2018-02-13 18:00:00,4.049015427931572,0.18566503133637197,0.2664795915440838,0.8931232200356787,-0.6266436284915948
4906,2018-02-13 20:00:00,3.9649060643622454,0.1834584021936109,0.2387498874291493,0.8698442124851525,-0.6310943250560033
4907,2018-02-13 22:00:00,3.942246767544959,0.1787680039707402,0.23127942790441486,0.8203624878358717,-0.5890830599314569
4908,2018-02-14 00:00:00,4.0221793417,0.18153481579999997,0.2576321018089964,0.8495511866598306,-0.5919190848508342
4909,2018-02-14 02:00:00,3.996960477436192,0.1815773954618727,0.24931778798621146,0.8500003841488994,-0.600682596162688
4910,2018-02-14 04:00:00,4.051529998347343,0.18584999992419,0.2673086109379593,0.8950745606887067,-0.6277659497507474
4911,2018-02-14 06:00:00,4.162157753646817,0.19212284060216103,0.30378106526613025,0.9612503863750382,-0.657469321108908
4912,2018-02-14 08:00:00,4.11465952,0.19355558,0.28812154878527335,0.9763651832450264,-0.6882436344597531
4913,2018-02-14 10:00:00,4.1641217099953405,0.18961130999978776,0.3044285547503935,0.9347547969155113,-0.6303262421651179
4914,2018-02-14 12:00:00,4.299181448794753,0.194183299945562,0.34895589910083713,0.9829873641403939,-0.6340314650395568
4915,2018-02-14 14:00:00,4.364273323752467,0.19521958761753,0.37041579793095947,0.9939197623729648,-0.6235039644420053
4916,2018-02-14 16:00:00,4.41842951539325,0.1976249783247875,0.38827035188859094,1.0192956206679153,-0.6310252687793244
4917,2018-02-14 18:00:00,4.297896408611713,0.19278747713362115,0.34853223896908336,0.968262021694445,-0.6197297827253616
4918,2018-02-14 20:00:00,4.2959299293629885,0.1949104277867151,0.3478839177192103,0.9906582564423152,-0.6427743387231049
4919,2018-02-14 22:00:00,4.450426491973254,0.19356679965088486,0.3988193164209964,0.9764835458337376,-0.5776642294127412
4920,2018-02-15 00:00:00,4.4319597279444345,0.1910181599114048,0.39273107748125674,0.9495964706160641,-0.5568653931348073
4921,2018-02-15 02:00:00,4.459947020657832,0.19801380443871,0.40195810421153166,1.02339757231282,-0.6214394681012883
4922,2018-02-15 04:00:00,4.551301032,0.19410102720000005,0.4320762693804154,0.9821194213456466,-0.5500431519652311
4923,2018-02-15 06:00:00,4.543430710310337,0.19667045001343347,0.42948153221344326,1.0092257492352386,-0.5797442170217952
4924,2018-02-15 08:00:00,4.46217350084595,0.19048203008987552,0.4026921442067742,0.9439405269318318,-0.5412483827250576
4925,2018-02-15 10:00:00,4.36435999800255,0.1901134399129902,0.37044437324299595,0.9400520558949512,-0.5696076826519553
4926,2018-02-15 12:00:00,4.304028812779756,0.1922967790822991,0.35055400855425994,0.9630853640402905,-0.6125313554860305
4927,2018-02-15 14:00:00,4.372288050490019,0.19561295002192305,0.373058143462574,0.9980695699706751,-0.625011426508101
4928,2018-02-15 16:00:00,4.420327095729365,0.1956928728571608,0.38889595811151084,0.9989127222017886,-0.6100167640902778
4929,2018-02-15 18:00:00,4.295127887603207,0.19995864775483413,0.3476194955461875,1.04391484971268,-0.6962953541664925
4930,2018-02-15 20:00:00,4.214603408373094,0.192338761675456,0.32107167865277164,0.9635282627060204,-0.6424565840532488
4931,2018-02-15 22:00:00,4.29081564,0.19317724,0.3461978066279412,0.972373855683003,-0.6261760490550619
4932,2018-02-16 00:00:00,4.367902499987247,0.20036249999941502,0.37161228758324943,1.048175320703801,-0.6765630331205514
4933,2018-02-16 02:00:00,4.310106417892641,0.1997955872219392,0.35255771164219013,1.042194629806718,-0.6896369181645279
4934,2018-02-16 04:00:00,4.212647391567319,0.198725944457832,0.32042680672690954,1.0309103494083993,-0.7104835426814897
4935,2018-02-16 06:00:00,4.0928999992229995,0.18905299996411,0.28094773308600635,0.9288648613190774,-0.6479171282330711
4936,2018-02-16 08:00:00,4.141925000311169,0.19414350001458536,0.2971106038618478,0.98256749164086,-0.6854568877790121
4937,2018-02-16 10:00:00,4.195615367668052,0.1903000056990694,0.31481158193905484,0.942020246316552,-0.6272086643774972
4938,2018-02-16 12:00:00,4.181901600000001,0.19276559999999998,0.3102903407407123,0.9680312271540837,-0.6577408864133714
4939,2018-02-16 14:00:00,4.27605420253407,0.1939872900015456,0.3413311630597258,0.9809195418324612,-0.6395883787727354
4940,2018-02-16 16:00:00,4.287186749054391,0.1966700999566212,0.34500141103157983,1.0092220562833882,-0.6642206452518085
4941,2018-02-16 18:00:00,4.272579400000001,0.19688889999999998,0.3401855683002536,1.0115303045355148,-0.6713447362352613
4942,2018-02-16 20:00:00,4.315403080252387,0.19669571330214,0.35430394861034187,1.0094922662847752,-0.6551883176744333
4943,2018-02-16 22:00:00,4.305723752178075,0.19925721010079545,0.3511128068379895,1.0365149780585974,-0.6854021712206079
4944,2018-02-17 00:00:00,4.3999088712535235,0.2021579751657025,0.38216434941492705,1.067116827068794,-0.684952477653867
4945,2018-02-17 02:00:00,4.465447259974408,0.20466894999882698,0.40377145771151707,1.0936065533969554,-0.6898350956854384
4946,2018-02-17 04:00:00,4.417644093282,0.205400815662,0.3880114089858507,1.1013274277245997,-0.7133160187387491
4947,2018-02-17 06:00:00,4.481199936,0.20799904,0.4089648990439799,1.1287375995609878,-0.7197727005170079
4948,2018-02-17 08:00:00,4.457125440405421,0.20741480001886647,0.40102786788330863,1.1225741139672516,-0.721546246083943
4949,2018-02-17 10:00:00,4.430426650565286,0.20731762018741198,0.39222564288628387,1.1215489076984007,-0.7293232648121168
4950,2018-02-17 12:00:00,4.412045,0.2068913,0.3861654646886523,1.1170514093787294,-0.7308859446900771
4951,2018-02-17 14:00:00,4.437592251822337,0.208319020987911,0.39458804338762454,1.1321132641388085,-0.737525220751184
4952,2018-02-17 16:00:00,4.505622,0.21374757000000005,0.4170165187431088,1.1893821685468682,-0.7723656498037594
4953,2018-02-17 18:00:00,4.466973215815164,0.208231782781145,0.40427454443291094,1.1311929378208758,-0.7269183933879648
4954,2018-02-17 20:00:00,4.40659686,0.21044044,0.38436928761911326,1.1544933407195324,-0.7701240531004191
4955,2018-02-17 22:00:00,4.5027989700000015,0.21457158,0.4160858044529809,1.1980751267970735,-0.7819893223440926
4956,2018-02-18 00:00:00,4.468000000232,0.2153576000111824,0.40461306117897117,1.2063673066747869,-0.8017542454958158
4957,2018-02-18 02:00:00,4.397815178202957,0.20786257412989015,0.3814740875185586,1.1272979421400309,-0.7458238546214723
4958,2018-02-18 04:00:00,4.170895049759718,0.20059289998844396,0.3066616320151061,1.050605943494151,-0.7439443114790449
4959,2018-02-18 06:00:00,4.172740180588042,0.20014689002820568,0.3072699463543367,1.045900726368719,-0.7386307800143823
4960,2018-02-18 08:00:00,3.983415526622614,0.19152005416728998,0.24485220339048117,0.9548912435101162,-0.710039040119635
4961,2018-02-18 10:00:00,4.2434322,0.1937481,0.33057613603873554,0.9783961881142994,-0.6478200520755639
4962,2018-02-18 12:00:00,4.243833999988101,0.19976899999943987,0.330708603986543,1.0419141458135919,-0.7112055418270489
4963,2018-02-18 14:00:00,4.2682639,0.2014385,0.3387628071113714,1.059526667267928,-0.7207638601565566
4964,2018-02-18 16:00:00,4.259750512572082,0.19435715724112604,0.33595605998627415,0.9848214853426025,-0.6488654253563284
4965,2018-02-18 18:00:00,4.344770539644824,0.19577389844872206,0.363985997374014,0.9997675080473976,-0.6357815106733835
4966,2018-02-18 20:00:00,4.308941998697374,0.19361680515378,0.35217381859651403,0.9770110828162354,-0.6248372642197213
4967,2018-02-18 22:00:00,4.0799849000039305,0.18246282000017586,0.2766898019263606,0.859341239897224,-0.5826514379708634
4968,2018-02-19 00:00:00,4.181728503095597,0.1922438245930848,0.310233273064313,0.9625267164948713,-0.6522934434305583
4969,2018-02-19 02:00:00,4.191353954688189,0.1902483892214316,0.3134066524992342,0.9414757142294075,-0.6280690617301732
4970,2018-02-19 04:00:00,4.143221988498449,0.1894619190451008,0.2975382030868043,0.9331787852990842,-0.6356405822122799
4971,2018-02-19 06:00:00,4.19751080057803,0.1982224000272968,0.3154364801850163,1.0255981678671968,-0.7101616876821806
4972,2018-02-19 08:00:00,4.28537121014755,0.19065783544649104,0.344402852743187,0.9457951993571921,-0.6013923466140052
4973,2018-02-19 10:00:00,4.287803234190837,0.1852457121910656,0.34520465772968145,0.8886995797598808,-0.5434949220301993
4974,2018-02-19 12:00:00,4.2599736182797985,0.1864244451576552,0.3360296148795558,0.9011347158221912,-0.5651051009426353
4975,2018-02-19 14:00:00,4.305136518792451,0.1883699730279,0.350919204041122,0.9216592149795434,-0.5707400109384214
4976,2018-02-19 16:00:00,4.282407169907083,0.1871970784480664,0.3434256493098838,0.9092856714371277,-0.5658600221272438
4977,2018-02-19 18:00:00,4.294097338192566,0.18882856580323867,0.3472797375332841,0.9264971755017033,-0.5792174379684192
4978,2018-02-19 20:00:00,4.222768259988572,0.18679909999949448,0.3237635182985793,0.9050871665185983,-0.581323648220019
4979,2018-02-19 22:00:00,4.217525799943293,0.18976355999744854,0.3220351510904487,0.9363609702304699,-0.6143258191400212
4980,2018-02-20 00:00:00,4.376555000000001,0.18929,0.3744648982204749,0.9313651118224561,-0.5569002136019812
4981,2018-02-20 02:00:00,4.356440016530361,0.1865593199327113,0.36783326392651006,0.9025575878608421,-0.534724323934332
4982,2018-02-20 04:00:00,4.28600688,0.18665164,0.3446124243791525,0.9035315256657193,-0.5589191012865667
4983,2018-02-20 06:00:00,4.340529480015055,0.1858958400006448,0.36258777815469534,0.8955581541776302,-0.5329703760229348
4984,2018-02-20 08:00:00,4.277058805411853,0.18163054618623997,0.3416623668564467,0.850561101892486,-0.5088987350360393
4985,2018-02-20 10:00:00,4.384268472120377,0.18240709247712,0.3770079242347014,0.8587533380133732,-0.48174541377867175
4986,2018-02-20 12:00:00,4.336393032612784,0.1801065176808436,0.36122404815265535,0.8344832434083245,-0.4732591952556691
4987,2018-02-20 14:00:00,4.3287959,0.17403120000000002,0.3587193776791858,0.7703912021026249,-0.4116718244234391
4988,2018-02-20 16:00:00,4.560239672391,0.17820013489035602,0.4350232165776551,0.8143717083461055,-0.3793484917684504
4989,2018-02-20 18:00:00,4.8815830002723635,0.17708000000988,0.5409657064897797,0.8025547573982078,-0.2615890509084281
4990,2018-02-20 20:00:00,4.823497700000001,0.18496119,0.5218157792804013,0.8856979905459268,-0.36388221126552545
4991,2018-02-20 22:00:00,4.451644135621193,0.1827276192341613,0.39922075683906527,0.8621347602255234,-0.4629140033864581
4992,2018-02-21 00:00:00,4.365371263027437,0.17111280096761522,0.37077777345828555,0.7396033221667483,-0.36882554870846274
4993,2018-02-21 02:00:00,4.219499000058066,0.1679690000023115,0.32268568811772175,0.7064375468262286,-0.38375185870850687
4994,2018-02-21 04:00:00,4.058387599659305,0.1662855999860406,0.26956946807977045,0.6886783860638125,-0.41910891798404204
4995,2018-02-21 06:00:00,4.374600200749397,0.1694152854112166,0.3738204277058613,0.7216952484044784,-0.3478748206986171
4996,2018-02-21 08:00:00,4.468882500059983,0.17231850000231302,0.4049040092740817,0.7523229388837072,-0.34741892960962545
4997,2018-02-21 10:00:00,4.36486176,0.16741695999999998,0.3706097972949083,0.7006137574395253,-0.33000396014461697
4998,2018-02-21 12:00:00,4.281502214695768,0.1671531423182902,0.34312729798272934,0.6978305920740939,-0.3547032940913646
4999,2018-02-21 14:00:00,4.1412155451438375,0.16423665162192538,0.2968767062190876,0.6670628442790275,-0.3701861380599399
5000,2018-02-21 16:00:00,4.14858543,0.17064267,0.2993064562225349,0.7346436385784326,-0.43533718235589774
5001,2018-02-21 18:00:00,4.09728799972422,0.16307199998902394,0.2823943966962327,0.6547762603530484,-0.3723818636568157
5002,2018-02-21 20:00:00,4.020452345530236,0.16028926223990642,0.2570627348471871,0.6254195497860043,-0.3683568149388172
5003,2018-02-21 22:00:00,4.055829951271614,0.163924649851884,0.2687262464691079,0.6637713570871732,-0.39504511061806524
5004,2018-02-22 00:00:00,4.177142232719549,0.1667333311550997,0.30872124259443473,0.6934017612169618,-0.3846805186225271
5005,2018-02-22 02:00:00,4.161051151348213,0.1701055278244552,0.3034162336586731,0.7289770149859575,-0.42556078132728437
5006,2018-02-22 04:00:00,4.2334058,0.17198885000000005,0.3272705694104871,0.748845270278609,-0.42157470086812193
5007,2018-02-22 06:00:00,4.168870144599931,0.1707107920286436,0.3059940485433157,0.7353622972730093,-0.4293682487296936
5008,2018-02-22 08:00:00,4.0166506900000005,0.165546602,0.2558093811357011,0.6808822687355799,-0.42507288759987877
5009,2018-02-22 10:00:00,3.8805786947491656,0.165298691565646,0.2109483097102306,0.6782669181262067,-0.46731860841597606
5010,2018-02-22 12:00:00,3.7077931769999997,0.15968229282279997,0.1539832932221323,0.6190162782212685,-0.46503298499913615
5011,2018-02-22 14:00:00,3.4956688580754998,0.15978830879984,0.08404881328150035,0.6201347021023667,-0.5360858888208663
5012,2018-02-22 16:00:00,3.5419658591999994,0.1547522976,0.09931229986742607,0.5670069061923934,-0.4676946063249673
5013,2018-02-22 18:00:00,3.5552078304258066,0.1566042848393748,0.10367799624661043,0.5865445911134486,-0.48286659486683814
5014,2018-02-22 20:00:00,3.4904650574519978,0.15877853650432902,0.08233319155474832,0.6094820299174524,-0.5271488383627041
5015,2018-02-22 22:00:00,3.532086786978488,0.1543780371284256,0.09605530518803133,0.5630586159360874,-0.46700331074805607
5016,2018-02-23 00:00:00,3.5157281648159997,0.151458976368,0.09066209172113922,0.5322637550482421,-0.4416016633271029
5017,2018-02-23 02:00:00,3.5556359994158595,0.15327199997481958,0.10381915769286928,0.5513903900656812,-0.44757123237281193
5018,2018-02-23 04:00:00,3.56665052,0.154148512,0.10745049413158013,0.5606372225564235,-0.4531867284248433
5019,2018-02-23 06:00:00,3.618084381262959,0.1544864444100376,0.12440753308402533,0.5642022670726893,-0.439794733988664
5020,2018-02-23 08:00:00,3.707003000003671,0.16018600000015862,0.15372278269896614,0.6243301766728743,-0.47060739397390816
5021,2018-02-23 10:00:00,3.750886229974256,0.1595123599989052,0.16819048202579498,0.6172235585413414,-0.44903307651554636
5022,2018-02-23 12:00:00,3.70556359375912,0.16123585040952662,0.15324823019293396,0.6354056560694804,-0.4821574258765464
5023,2018-02-23 14:00:00,3.7895760020897855,0.1626370000896872,0.18094596949483976,0.6501871947303279,-0.46924122523548817
5024,2018-02-23 16:00:00,3.8419636754825564,0.1635567254894576,0.19821746723068923,0.6598899101122502,-0.46167244288156095
5025,2018-02-23 18:00:00,3.876124733049028,0.18663082787519705,0.20947989959698243,0.9033119665195801,-0.6938320669225977
5026,2018-02-23 20:00:00,3.7471894400075807,0.1719175400003478,0.16697170105301457,0.7480929798333485,-0.5811212787803339
5027,2018-02-23 22:00:00,3.8739649080114513,0.1692893232005004,0.20876783489109907,0.7203664001637298,-0.5115985652726307
5028,2018-02-24 00:00:00,3.9585830642907633,0.17245865482366465,0.23666528098748496,0.7538015131856873,-0.5171362321982024
5029,2018-02-24 02:00:00,3.8895121799962618,0.17077886999983588,0.21389355732719686,0.7360804911800412,-0.5221869338528443
5030,2018-02-24 04:00:00,3.883637945446853,0.172239614288445,0.21195690272604098,0.7514907278459863,-0.5395338251199453
5031,2018-02-24 06:00:00,3.759464200502254,0.166732500022275,0.17101852131361991,0.6933929931159127,-0.5223744718022928
5032,2018-02-24 08:00:00,3.9981942000000004,0.16536520000000002,0.24972452940241688,0.6789685540810204,-0.42924402467860356
5033,2018-02-24 10:00:00,3.7239332,0.210055,0.1593044375419243,1.150427111149552,-0.9911226736076277
5034,2018-02-24 12:00:00,3.66842224645173,0.20027082080366396,0.14100323715580282,1.0472081438235732,-0.9062049066677704
5035,2018-02-24 14:00:00,3.702980844170797,0.2001505921930164,0.15239673306053525,1.045939782647326,-0.8935430495867908
5036,2018-02-24 16:00:00,3.659512512290628,0.184993119552388,0.13806581994628553,0.8860348338680427,-0.7479690139217572
5037,2018-02-24 18:00:00,3.743124822008509,0.228315042865537,0.16563165222050152,1.3430628683334198,-1.1774312161129183
5038,2018-02-24 20:00:00,3.6080879943861497,0.2202203996573575,0.12111186137104345,1.257667793687463,-1.1365559323164196
5039,2018-02-24 22:00:00,3.6539900000000003,0.23580700000000002,0.1362451233520951,1.4220998588823426,-1.2858547355302474
5040,2018-02-25 00:00:00,3.6640475853299392,0.2664726386049,0.13956097135610523,1.7456094232180792,-1.606048451861974
5041,2018-02-25 02:00:00,3.6483201765603788,0.26092246828900184,0.13437586029156753,1.687057465307819,-1.5526816050162515
5042,2018-02-25 04:00:00,3.715136410814955,0.2548467738376406,0.15640425674265235,1.6229614492319346,-1.4665571924892822
5043,2018-02-25 06:00:00,3.61330603471025,0.24227835762624,0.1228321777318709,1.490369954714983,-1.367537776983112
5044,2018-02-25 08:00:00,3.6050506467407466,0.22794253482313503,0.12011048949130262,1.3391330654663842,-1.2190225759750817
5045,2018-02-25 10:00:00,3.659987818336405,0.3484967575217772,0.13822252183361547,2.610929311634868,-2.472706789801253
5046,2018-02-25 12:00:00,3.947540274926874,0.31712694807436503,0.23302462471962723,2.2799910416584583,-2.0469664169388313
5047,2018-02-25 14:00:00,3.834584785246328,0.29178950966552003,0.1957847482768888,2.012691744010072,-1.8169069957331831
5048,2018-02-25 16:00:00,3.8609110551502313,0.29697879046436404,0.20446415855780753,2.0674364695995004,-1.862972311041693
5049,2018-02-25 18:00:00,3.845782264668674,0.2928841283203508,0.19947640373637626,2.0242395095303207,-1.8247631057939444
5050,2018-02-25 20:00:00,3.832,0.3231334,0.19493258001595257,2.3433565782677377,-2.148423998251785
5051,2018-02-25 22:00:00,3.97662627628864,0.29815137874385256,0.24261388062909037,2.079806781802355,-1.8371929011732646
5052,2018-02-26 00:00:00,4.060130339799562,0.2976210299853072,0.27014402561281736,2.074211825896379,-1.8040678002835615
5053,2018-02-26 02:00:00,4.1069024797082125,0.2842633189244589,0.28556415894220794,1.9332936033380788,-1.6477294443958708
5054,2018-02-26 04:00:00,4.062408400004222,0.28962220000030103,0.27089507083240427,1.989827540377815,-1.7189324695454107
5055,2018-02-26 06:00:00,3.9758983840337696,0.2842564304276697,0.2423739045313225,1.9332209325998655,-1.690847028068543
5056,2018-02-26 08:00:00,3.9866332000000004,0.2874894,0.24591302619197447,1.9673273991675682,-1.7214143729755937
5057,2018-02-26 10:00:00,4.0820276249832315,0.3215965949986788,0.27736326034835324,2.3271439331357704,-2.049780672787417
5058,2018-02-26 12:00:00,4.1631317,0.34522495,0.30410216202696044,2.576413121067377,-2.2723109590404165
5059,2018-02-26 14:00:00,4.333987700400002,0.3341161902,0.36043104309676055,2.459220386570268,-2.0987893434735074
5060,2018-02-26 16:00:00,4.621472869936562,0.33095754999545696,0.4552109623635356,2.4258980635092446,-1.970687101145709
5061,2018-02-26 18:00:00,4.662675494772883,0.3313747872203921,0.4687949029259692,2.4302997404024778,-1.9615048374765085
5062,2018-02-26 20:00:00,4.4932692230562905,0.3186304088139296,0.4129439775287824,2.29585191888065,-1.8829079413518677
5063,2018-02-26 22:00:00,4.5140056443885355,0.3142766846587841,0.4197804913667669,2.249921963766523,-1.8301414723997562
5064,2018-02-27 00:00:00,4.422357506366954,0.3044871789570825,0.3895653566638579,2.146646804053604,-1.7570814473897463
5065,2018-02-27 02:00:00,4.471644878598628,0.3017642908620276,0.40581472760887116,2.1179214821154067,-1.7121067545065354
5066,2018-02-27 04:00:00,4.458704561501551,0.3010030596843256,0.4015484824605577,2.1098908139845363,-1.7083423315239785
5067,2018-02-27 06:00:00,4.51868675,0.31356544,0.4213237877136673,2.2424186323451907,-1.8210948446315234
5068,2018-02-27 08:00:00,4.531420799940932,0.29674619999613183,0.4255220294083129,2.0649827381766555,-1.6394607087683426
5069,2018-02-27 10:00:00,4.431541375718557,0.33117519154530795,0.39259315248756865,2.4281940901428594,-2.035600937655291
5070,2018-02-27 12:00:00,4.488440399661405,0.339143999974416,0.4113519806537486,2.5122616608982185,-2.10090968024447
5071,2018-02-27 14:00:00,4.364775801453549,0.2941631000979616,0.37058145794054753,2.0377321228068124,-1.6671506648662648
5072,2018-02-27 16:00:00,4.279578400052603,0.2954934400036322,0.3424930426684209,2.051766648187059,-1.709273605518638
5073,2018-02-27 18:00:00,4.295060369309644,0.281971349954678,0.3475972356904069,1.9091142965759373,-1.5615170608855304
5074,2018-02-27 20:00:00,4.320856920813118,0.2764806858136369,0.35610200507660505,1.8511901037336518,-1.4950880986570467
5075,2018-02-27 22:00:00,4.15032099095286,0.2768010172564876,0.29987864687591653,1.8545694654633995,-1.554690818587483
5076,2018-02-28 00:00:00,4.2144430897636544,0.278922929984358,0.32101882380504465,1.8769547505375583,-1.5559359267325137
5077,2018-02-28 02:00:00,4.277717942877013,0.288865595102925,0.34187967544260534,1.9818456775548017,-1.6399660021121965
5078,2018-02-28 04:00:00,4.327157677766074,0.2818795316266328,0.35817927826702184,1.9081456519086393,-1.5499663736416174
5079,2018-02-28 06:00:00,4.2697081789629685,0.2854137599306784,0.33923896608586573,1.9454302711411284,-1.6061913050552628
5080,2018-02-28 08:00:00,4.13371599,0.27854172,0.29440420569944165,1.872933145850011,-1.5785289401505693
5081,2018-02-28 10:00:00,4.138557499366867,0.28203753345694205,0.29600038496552583,1.909812504634133,-1.6138121196686073
5082,2018-02-28 12:00:00,4.087330922996101,0.28296906389973003,0.27911168500037153,1.9196397582450742,-1.6405280732447025
5083,2018-02-28 14:00:00,4.24328465,0.27701685,0.33052749082649596,1.8568464099523991,-1.5263189191259032
5084,2018-02-28 16:00:00,4.076613492309519,0.28113134294646097,0.27557829502808556,1.900252576630414,-1.6246742816023283
5085,2018-02-28 18:00:00,4.13407764,0.229419,0.2945234367465879,1.354709150878418,-1.06018571413183
5086,2018-02-28 20:00:00,4.1028,0.1771568,0.28421162762323676,0.8033649649293414,-0.5191533373061046
5087,2018-02-28 22:00:00,4.026741673002505,0.1376963777341094,0.2591362398945079,0.387074139219856,-0.1279378993253481
5088,2018-03-01 00:00:00,4.056,0.166712,0.26878230920366175,0.693176726519919,-0.42439441731625727
5089,2018-03-01 02:00:00,4.0414578553206,0.1653888906946584,0.2639879634608843,0.6792184809260631,-0.41523051746517875
5090,2018-03-01 04:00:00,4.173738105923214,0.1832083554646488,0.307598948656801,0.8672063248679295,-0.5596073762111284
5091,2018-03-01 06:00:00,4.11946160611794,0.17995908801599678,0.28970473074663916,0.8329279225731947,-0.5432231918265555
5092,2018-03-01 08:00:00,4.1867818590820125,0.18730451729500575,0.31189929525666066,0.9104191059960455,-0.5985198107393848
5093,2018-03-01 10:00:00,4.187340717046584,0.18725703986792386,0.3120835430662052,0.9099182391480096,-0.5978346960818044
5094,2018-03-01 12:00:00,4.2105817000000005,0.175877,0.31974577653569625,0.7898636142556685,-0.4701178377199723
5095,2018-03-01 14:00:00,4.225900938947312,0.1425341337190976,0.3247963196054318,0.438110426160773,-0.11331410655534119
5096,2018-03-01 16:00:00,4.7787756090568845,0.159647292062034,0.5070715189908601,0.6186470349450172,-0.11157551595415705
5097,2018-03-01 18:00:00,4.93479524,0.16178047,0.5585090524422681,0.641151163238361,-0.08264211079609285
5098,2018-03-01 20:00:00,4.716545334422751,0.14859734646408,0.4865550505577908,0.502074765494333,-0.01551971493654225
5099,2018-03-01 22:00:00,4.7430647010883025,0.1445842910634278,0.49529812219386465,0.4597387221773443,0.03555940001652036
5100,2018-03-02 00:00:00,4.929927103658333,0.14839021404574831,0.556904094627621,0.4998896057695465,0.05701448885807453
5101,2018-03-02 02:00:00,4.789272799999999,0.1480072,0.5105322989389882,0.49584896899458936,0.01468332994439886
5102,2018-03-02 04:00:00,4.642562348879649,0.15029205794677528,0.46216387445575374,0.51995325746071,-0.05778938300495623
5103,2018-03-02 06:00:00,4.704734999720259,0.1525139999909316,0.48266134511406206,0.5433938096678769,-0.06073246455381481
5104,2018-03-02 08:00:00,4.666567288722232,0.1533721134135057,0.4700779740385305,0.5524465446545612,-0.0823685706160307
5105,2018-03-02 10:00:00,4.649621533357956,0.1601212938674271,0.4644911908040085,0.6236475542406619,-0.15915636343665335
5106,2018-03-02 12:00:00,4.623341035801562,0.1501519198636476,0.45582687103857117,0.5184748597399387,-0.06264798870136751
5107,2018-03-02 14:00:00,4.692152639982696,0.1517411359994404,0.47851311359994897,0.5352404202537673,-0.05672730665381831
5108,2018-03-02 16:00:00,4.654592600004265,0.1525917000001398,0.4661300833290263,0.5442135120211098,-0.07808342869208351
5109,2018-03-02 18:00:00,4.64331163635747,0.13836345735470998,0.4624109042652217,0.3941115481001413,0.06829935616508037
5110,2018-03-02 20:00:00,4.658458004063858,0.13942257012162687,0.46740445405671394,0.40528474146559607,0.06211971259111787
5111,2018-03-02 22:00:00,4.579962746231724,0.1391007168305842,0.441525643639649,0.4018893248787521,0.039636318760896905
5112,2018-03-03 00:00:00,4.68984780000418,0.1385670000001235,0.47775323945604514,0.396258837233424,0.08149440222262117
5113,2018-03-03 02:00:00,4.671304774116142,0.13695817906456528,0.471639858026794,0.3792864543438177,0.09235340368297629
5114,2018-03-03 04:00:00,4.692226298317334,0.1474271334047226,0.4785373977430982,0.48972951086290967,-0.011192113119811442
5115,2018-03-03 06:00:00,4.686672999999999,0.14268215,0.4767065514179475,0.43967193554808065,0.03703461586986684
5116,2018-03-03 08:00:00,4.723487229954176,0.14151071999862722,0.4888436983481708,0.4273138426912318,0.061529855656939025
5117,2018-03-03 10:00:00,4.6570121,0.1457539,0.4669277593087348,0.4720776035679701,-0.005149844259235314
5118,2018-03-03 12:00:00,4.7823384,0.13534920000000003,0.5082461223225634,0.3623124032598251,0.14593371906273828
5119,2018-03-03 14:00:00,4.908606774573552,0.1377673109249459,0.5498750744084071,0.38782245449090325,0.16205261991750386
5120,2018-03-03 16:00:00,4.9079190600212685,0.134994600000585,0.5496483443483867,0.35857152269959186,0.19107682164879486
5121,2018-03-03 18:00:00,4.851099376184662,0.13282348435160218,0.5309156735275623,0.3356671675425236,0.19524850598503868
5122,2018-03-03 20:00:00,4.775216842783772,0.1306314344138843,0.5058982425376829,0.31254196446131416,0.19335627807636874
5123,2018-03-03 22:00:00,4.840229460274989,0.130885040007436,0.5273320112676403,0.31521739660020026,0.21211461466744003
5124,2018-03-04 00:00:00,4.924489099601156,0.128898396667886,0.5551112592394775,0.29425914656833485,0.2608521126711426
5125,2018-03-04 02:00:00,4.8473126,0.12789920000000002,0.5296672253323315,0.28371804279814106,0.2459491825341904
5126,2018-03-04 04:00:00,4.779,0.127575,0.5071454976086336,0.28029786942073437,0.22684762818789922
5127,2018-03-04 06:00:00,4.81358188,0.12994896,0.5185466693622134,0.30534214699947526,0.21320452236273812
5128,2018-03-04 08:00:00,4.767492,0.1316376,0.503351467771615,0.32315658738202796,0.18019488038958703
5129,2018-03-04 10:00:00,4.687934800000002,0.13111779999999998,0.47712254957995304,0.3176729164333052,0.15944963314664784
5130,2018-03-04 12:00:00,4.677568000004176,0.141120000000126,0.47370475773961884,0.4231919113621321,0.050512846377486764
5131,2018-03-04 14:00:00,4.630199257586097,0.137656378562958,0.45808793274168347,0.3866521648204412,0.07143576792124229
5132,2018-03-04 16:00:00,4.679664664414691,0.136685311989107,0.47439599925262793,0.37640782168788556,0.09798817756474237
5133,2018-03-04 18:00:00,4.77730542374309,0.13945257496330998,0.5065868190476481,0.40560127990087635,0.10098553914677177
5134,2018-03-04 20:00:00,4.74438482421985,0.1354819263874464,0.4957333486927897,0.3637126107145551,0.1320207379782346
5135,2018-03-04 22:00:00,4.773671206428453,0.1367421958283567,0.5053886674204374,0.37700792222029306,0.12838074520014436
5136,2018-03-05 00:00:00,4.787720503599754,0.13648398330978606,0.5100205280962331,0.3742838889638823,0.1357366391323508
5137,2018-03-05 02:00:00,4.828968909364214,0.13580896654833238,0.5236195620030638,0.36716274659242343,0.15645681541064038
5138,2018-03-05 04:00:00,4.855008551076575,0.1344290083483006,0.5322044748986123,0.3526047691165369,0.17959970578207546
5139,2018-03-05 06:00:00,4.775093063211112,0.13902782051562648,0.5058574341094689,0.4011202994755152,0.10473713463395373
5140,2018-03-05 08:00:00,4.718636,0.1431625,0.4872443143377101,0.44473942562160673,0.04250488871610336
5141,2018-03-05 10:00:00,4.725234480004106,0.13842921000012032,0.48941974273661076,0.3948052108000996,0.09461453193651115
5142,2018-03-05 12:00:00,4.708173710939797,0.1369331987317668,0.4837950410619087,0.37902292235986906,0.10477211870203962
5143,2018-03-05 14:00:00,4.697855999946987,0.1358207999984673,0.48039343319290834,0.36728758450455884,0.1131058486883495
5144,2018-03-05 16:00:00,4.56895,0.135355,0.4378948921806055,0.36237359081562054,0.07552130136498497
5145,2018-03-05 18:00:00,4.596971486539912,0.13507147912526402,0.4471331921467196,0.3593825650669746,0.08775062707974501
5146,2018-03-05 20:00:00,4.577431239180278,0.1351949752046929,0.4406910404691757,0.3606853966619059,0.08000564380726977
5147,2018-03-05 22:00:00,4.4687979995662115,0.1336751499870241,0.40487615061970095,0.3446518810919436,0.060224269527757335
5148,2018-03-06 00:00:00,4.408711299370183,0.13185899998116302,0.38506638929264847,0.3254922638821268,0.05957412541052165
5149,2018-03-06 02:00:00,4.4559169429817596,0.1326138930385742,0.4006294428499986,0.3334560675149051,0.06717337533509349
5150,2018-03-06 04:00:00,4.420898999980438,0.1332269999994105,0.3890845071028637,0.3399240875795408,0.049160419523322896
5151,2018-03-06 06:00:00,4.40126285,0.13305015,0.3826107376459682,0.3380583946129209,0.04455234303304728
5152,2018-03-06 08:00:00,4.4000928200078,0.13256350000023498,0.3822249947974617,0.33292444219678524,0.04930055260067645
5153,2018-03-06 10:00:00,4.2667094011388285,0.127998000034164,0.33825031014744233,0.2847603415228003,0.05348996862464206
5154,2018-03-06 12:00:00,4.121943465342,0.12734300750799998,0.29052296570904484,0.27785044639514334,0.012672519313901509
5155,2018-03-06 14:00:00,4.080755954070342,0.1259431630312324,0.276944007881689,0.2630826770800603,0.013861330801628713
5156,2018-03-06 16:00:00,4.026653397982939,0.125694799937036,0.25910713683071773,0.26046255110010713,-0.001355414269389399
5157,2018-03-06 18:00:00,3.9912760192179815,0.12647239997522,0.24744370003981103,0.26866590381098665,-0.02122220377117562
5158,2018-03-06 20:00:00,4.02218439,0.13339235,0.25763376616429917,0.34166846040486554,-0.08403469424056637
5159,2018-03-06 22:00:00,4.035671265037833,0.1362147733950318,0.26208020397292636,0.371443837812197,-0.10936363383927061
5160,2018-03-07 00:00:00,4.035175197438987,0.1272323199192492,0.26191665728616914,0.2766827389791816,-0.014766081693012467
5161,2018-03-07 02:00:00,3.98109369039696,0.12823545001278652,0.24408672581689747,0.2872653387323945,-0.043178612915497044
5162,2018-03-07 04:00:00,3.954217736992656,0.1282333662448448,0.23522609242149864,0.28724335585873945,-0.05201726343724081
5163,2018-03-07 06:00:00,3.8347341,0.12169422,0.19583397530422095,0.21825811866692754,-0.022424143362706594
5164,2018-03-07 08:00:00,3.879627290292632,0.12307133007812747,0.21063464470369936,0.23278604965696345,-0.022151404953264092
5165,2018-03-07 10:00:00,3.943813172378527,0.12438130897616408,0.2317958501042243,0.24660577498709615,-0.014809924882871861
5166,2018-03-07 12:00:00,3.911926708302973,0.1263647153058204,0.22128332002952214,0.2675298759287063,-0.046246555899184166
5167,2018-03-07 14:00:00,4.022321103,0.12798245900000002,0.25767883856620316,0.284596390161588,-0.026917551595384837
5168,2018-03-07 16:00:00,3.5045088120407253,0.1155054316107242,0.08696322491705268,0.15296900920547424,-0.06600578428842156
5169,2018-03-07 18:00:00,3.6119070401400797,0.11564007553582001,0.12237094840087917,0.15438944587432737,-0.032018497473448204
5170,2018-03-07 20:00:00,3.662363808482151,0.115812649952002,0.1390058532122584,0.15621003323967927,-0.017204180027420884
5171,2018-03-07 22:00:00,3.621563927951875,0.1176270011076144,0.12555469192631297,0.1753506733374342,-0.04979598141112124
5172,2018-03-08 00:00:00,3.62379888004418,0.11565525000141,0.12629152499222474,0.15454953009156136,-0.028258005099336625
5173,2018-03-08 02:00:00,3.4702019063130107,0.1108303370716716,0.07565270841142772,0.10364873197127958,-0.027996023559851854
5174,2018-03-08 04:00:00,3.5510331372760535,0.114549456041163,0.10230165714593611,0.14288386980860757,-0.04058221266267145
5175,2018-03-08 06:00:00,3.62723985,0.11685375,0.12742596561445843,0.16719320001136145,-0.03976723439690302
5176,2018-03-08 08:00:00,3.6404649608266366,0.1172788800266304,0.13178610335117516,0.17167814263633785,-0.03989203928516269
5177,2018-03-08 10:00:00,3.5886711646919487,0.1156802336112276,0.11471039880586215,0.15481309664668066,-0.04010269784081852
5178,2018-03-08 12:00:00,3.547802081418025,0.1161612064601373,0.1012364223240354,0.15988715751372662,-0.05865073518969122
5179,2018-03-08 14:00:00,3.575402263805169,0.11532278405639752,0.11033582408663335,0.1510421544776627,-0.04070633039102935
5180,2018-03-08 16:00:00,3.34250715215994,0.10872735007025999,0.03355349853243058,0.08146310533568497,-0.047909606803254394
5181,2018-03-08 18:00:00,3.434610155018328,0.109255366000583,0.06391859593630002,0.08703345088700279,-0.02311485495070277
5182,2018-03-08 20:00:00,3.3861310443210964,0.1088449229781771,0.047935697738748506,0.08270344996727771,-0.03476775222852921
5183,2018-03-08 22:00:00,3.3385295104763912,0.109991032860168,0.032242124598788495,0.09479442623491396,-0.06255230163612546
5184,2018-03-09 00:00:00,3.259784299774397,0.1086898199924778,0.006280908147130628,0.08106717883080329,-0.07478627068367266
5185,2018-03-09 02:00:00,3.186274680308624,0.1054486800102138,-0.017954205648578674,0.0468745178814298,-0.06482872353000847
5186,2018-03-09 04:00:00,2.9219150261343088,0.099492186294393,-0.10510995952772881,-0.01596398066742592,-0.08914597886030289
5187,2018-03-09 06:00:00,3.0138570004747045,0.1009837800159057,-0.07479795101870414,-0.0002282954847476,-0.07456965553395653
5188,2018-03-09 08:00:00,2.8758236756339532,0.099935064911097,-0.12030564592213522,-0.011291797896686976,-0.10901384802544824
5189,2018-03-09 10:00:00,3.131408655303097,0.1053417409072728,-0.03604278193547265,0.045746355411094994,-0.08178913734656765
5190,2018-03-09 12:00:00,3.1375523841734503,0.1047248315190524,-0.034017278751194556,0.03923822133995526,-0.07325550009114981
5191,2018-03-09 14:00:00,3.1827293998789563,0.10415099999603901,-0.019123036004049455,0.03318454059311074,-0.05230757659716019
5192,2018-03-09 16:00:00,3.151346281182087,0.10304510244118,-0.02946962000775266,0.02151778743065647,-0.05098740743840913
5193,2018-03-09 18:00:00,3.17762467965994,0.10246726388950868,-0.02080599227973414,0.015421834220090984,-0.03622782649982512
5194,2018-03-09 20:00:00,3.287035273753056,0.104585850934964,0.015265180684743482,0.03777203474626143,-0.02250685406151795
5195,2018-03-09 22:00:00,3.3574979479055376,0.1076274978627002,0.038495758381183416,0.06986012803964031,-0.031364369658456896
5196,2018-03-10 00:00:00,3.3571327995948277,0.11135999998656,0.03837537398895451,0.10923645251569906,-0.07086107852674456
5197,2018-03-10 02:00:00,3.4260868863008165,0.1105456990493724,0.06110859108548615,0.10064592078662404,-0.039537329701137894
5198,2018-03-10 04:00:00,3.3735492840747257,0.1116803609999847,0.043787663868662965,0.11261612620254081,-0.06882846233387785
5199,2018-03-10 06:00:00,3.3660627105336403,0.1120775597292,0.04131944320547982,0.11680640541044285,-0.07548696220496304
5200,2018-03-10 08:00:00,3.3120688455880933,0.1147508788836312,0.023518406133933478,0.14500879591413274,-0.12149038978019926
5201,2018-03-10 10:00:00,3.35779506,0.11462634,0.03859371216562287,0.1436949631743198,-0.10510125100869691
5202,2018-03-10 12:00:00,3.5383897412002976,0.1126651459884672,0.09813330278786683,0.12300519282831926,-0.024871890040452427
5203,2018-03-10 14:00:00,3.580377480459612,0.114232560014664,0.11197608481244055,0.1395407502736361,-0.027564665461195556
5204,2018-03-10 16:00:00,3.4762399999961997,0.11114819999987847,0.07764338512264882,0.10700205191180272,-0.0293586667891539
5205,2018-03-10 18:00:00,3.4786828004164727,0.1116320192048352,0.07844874293290231,0.11210614063564896,-0.033657397702746644
5206,2018-03-10 20:00:00,3.3355349248513284,0.10705219467190648,0.03125485077093003,0.06379092181789546,-0.03253607104696543
5207,2018-03-10 22:00:00,3.320860053808,0.107494731336,0.026416746965508782,0.06845949713269782,-0.04204275016718904
5208,2018-03-11 00:00:00,3.183092794286089,0.1044129250059613,-0.019003229849785665,0.035947739068783624,-0.05495096891856929
5209,2018-03-11 02:00:00,3.1906000000148396,0.10492000000048801,-0.016528207037175682,0.041297166572265294,-0.057825373609440976
5210,2018-03-11 04:00:00,3.2342235,0.1084245,-0.002146137125907193,0.07826816471986475,-0.08041430184577195
5211,2018-03-11 06:00:00,3.203753249124876,0.106600640977227,-0.012191761123270875,0.059027220630319115,-0.07121898175358998
5212,2018-03-11 08:00:00,3.1687118200221245,0.1060390613127404,-0.023744439916076762,0.053102791827820975,-0.07684723174389774
5213,2018-03-11 10:00:00,3.4100934,0.10971660000000001,0.05583575790654584,0.091899275210139,-0.03606351730359317
5214,2018-03-11 12:00:00,3.4894429021885465,0.1103246589068393,0.081996200977098,0.0983140404324296,-0.016317839455331593
5215,2018-03-11 14:00:00,3.4379436657264635,0.1053977400093436,0.06501760871772914,0.04633712233910611,0.018680486378623032
5216,2018-03-11 16:00:00,3.631138500264496,0.114647300008351,0.12871129716013083,0.14391608242957057,-0.015204785269439747
5217,2018-03-11 18:00:00,3.6559622984664273,0.114701399951886,0.13689536311826905,0.1444868140353621,-0.00759145091709304
5218,2018-03-11 20:00:00,3.5909323178075696,0.112846998646523,0.11545586998997173,0.12492366173545388,-0.009467791745482151
5219,2018-03-11 22:00:00,3.5306586848216335,0.1122824316727728,0.09558447948474515,0.11896771807912021,-0.023383238594375064
5220,2018-03-12 00:00:00,3.5343247966000004,0.1123036876,0.09679314627940708,0.11919195915381034,-0.022398812874403262
5221,2018-03-12 02:00:00,3.4704137696611,0.1098488599892728,0.07572255685286161,0.09329456236068447,-0.017572005507822855
5222,2018-03-12 04:00:00,3.4819132892203255,0.1124152123962382,0.07951379080481505,0.12036849875595278,-0.04085470795113773
5223,2018-03-12 06:00:00,3.4931520000000003,0.115872,0.08321903967757384,0.15683615123508515,-0.07361711155751131
5224,2018-03-12 08:00:00,3.5596324495967955,0.11710284314571699,0.10513673253025453,0.16982102772720248,-0.06468429519694795
5225,2018-03-12 10:00:00,3.6342009483117272,0.1193830487945242,0.1297209442982534,0.19387623641030607,-0.06415529211205268
5226,2018-03-12 12:00:00,3.541417092286621,0.11802449565894538,0.09913137893912176,0.1795440733439929,-0.08041269440487113
5227,2018-03-12 14:00:00,3.2875367,0.1114155,0.015430494044316746,0.10982195426897848,-0.09439146022466173
5228,2018-03-12 16:00:00,3.326784301179067,0.110957000039325,0.02836989010834046,0.10498497290240683,-0.07661508279406637
5229,2018-03-12 18:00:00,3.1374531326289667,0.1098684267705817,-0.034050000624772994,0.0935009836577673,-0.1275509842825403
5230,2018-03-12 20:00:00,3.2461581897149685,0.110425319990304,0.0017885664606541948,0.09937597244293804,-0.09758740598228384
5231,2018-03-12 22:00:00,3.1760826850364694,0.110125800180363,-0.021314366767913675,0.09621616467006312,-0.1175305314379768
5232,2018-03-13 00:00:00,3.188493033844493,0.11011120985649399,-0.017222844899174673,0.09606224290181968,-0.11328508780099436
5233,2018-03-13 02:00:00,3.21540747993946,0.10970234999793453,-0.00834952099135981,0.09174894369350625,-0.10009846468486606
5234,2018-03-13 04:00:00,3.3173878400742227,0.1151662200025767,0.025272005698003,0.14939046968822162,-0.12411846399021861
5235,2018-03-13 06:00:00,3.139627871952266,0.1110508919983116,-0.03333301888334664,0.1059754935022788,-0.13930851238562544
5236,2018-03-13 08:00:00,3.180466500003435,0.1099969200001188,-0.01986908307095187,0.09485653308046865,-0.11472561615142052
5237,2018-03-13 10:00:00,3.1639407002700013,0.1077763356877616,-0.0253174126911501,0.07143030437161456,-0.09674771706276467
5238,2018-03-13 12:00:00,3.20507973387644,0.108232241803407,-0.011754437285437739,0.07623992176620797,-0.08799435905164571
5239,2018-03-13 14:00:00,3.187684500684957,0.107811000023166,-0.017489407197705923,0.07179599850207609,-0.08928540569978201
5240,2018-03-13 16:00:00,3.1902594148915,0.10837766983731408,-0.01664049328326492,0.07777412623843974,-0.09441461952170466
5241,2018-03-13 18:00:00,3.1699984286804965,0.1079580048280664,-0.02332026267950829,0.07334683724381323,-0.09666709992332152
5242,2018-03-13 20:00:00,3.1720253317078555,0.10673903037014,-0.022652020538168078,0.060487170406249006,-0.08313919094441709
5243,2018-03-13 22:00:00,3.156962997921537,0.10945208590968,-0.02761786549823282,0.08910876302734637,-0.11672662852557919
5244,2018-03-14 00:00:00,3.2682219994195303,0.1089716999806455,0.009062702047846323,0.08404089391764723,-0.0749781918698009
5245,2018-03-14 02:00:00,3.2683025000424,0.11053750000143403,0.009089241999624824,0.10055942428607219,-0.09147018228644736
5246,2018-03-14 04:00:00,3.2908369824,0.1096578912,0.016518551908080017,0.09127992211088073,-0.07476137020280071
5247,2018-03-14 06:00:00,3.3199183411393256,0.1082936973915516,0.02610627720857022,0.0768882523228552,-0.050781975114284984
5248,2018-03-14 08:00:00,3.3166740000000003,0.1068,0.02503666241155364,0.0611303743077836,-0.03609371189622996
5249,2018-03-14 10:00:00,3.1511232000000002,0.10506636,-0.029543166815270486,0.042841202888885016,-0.0723843697041555
5250,2018-03-14 12:00:00,3.1465188561203847,0.10223002423585602,-0.031061155871505715,0.012919055850294714,-0.04398021172180043
5251,2018-03-14 14:00:00,3.0394560167617213,0.1060346447986646,-0.0663583062853651,0.053056199465504494,-0.11941450575086959
5252,2018-03-14 16:00:00,2.8872342878156427,0.1014796969191439,-0.11654372351372565,0.005003418857822128,-0.12154714237154778
5253,2018-03-14 18:00:00,2.826496011576451,0.0997031052640884,-0.13656830052976393,-0.013738874421459867,-0.12282942610830407
5254,2018-03-14 20:00:00,2.723528765617913,0.09584827610832,-0.17051518994602408,-0.05440569753376465,-0.11610949241225943
5255,2018-03-14 22:00:00,2.7923536361531816,0.0960452398676856,-0.14782457364955656,-0.05232781287584952,-0.09549676077370704
5256,2018-03-15 00:00:00,2.7357823479590397,0.0944045002129295,-0.166475351832312,-0.06963692480198103,-0.09683842703033096
5257,2018-03-15 02:00:00,2.64599414209035,0.0919114099022016,-0.1960772924021915,-0.09593797695565613,-0.10013931544653536
5258,2018-03-15 04:00:00,2.614035932787858,0.09017136361502212,-0.206613475894661,-0.11429473200459561,-0.09231874389006539
5259,2018-03-15 06:00:00,2.6443199997984,0.091370699993034,-0.1966292341650585,-0.10164223863435719,-0.09498699553070132
5260,2018-03-15 08:00:00,2.761733064372579,0.0933255568324926,-0.15791975638870978,-0.08101932278316286,-0.07690043360554692
5261,2018-03-15 10:00:00,2.78724664,0.09600672,-0.14950828026953475,-0.05273418124710021,-0.09677409902243453
5262,2018-03-15 12:00:00,2.7320074564092374,0.094969342779784,-0.16771988182635608,-0.06367807375453596,-0.10404180807182012
5263,2018-03-15 14:00:00,2.6327430008905823,0.0912870000308798,-0.20044601199607964,-0.10252523796270299,-0.09792077403337665
5264,2018-03-15 16:00:00,2.647019780277254,0.091211954401456,-0.19573915355242613,-0.10331693772780476,-0.09242221582462137
5265,2018-03-15 18:00:00,2.7005166000000003,0.0914064,-0.1781019854768525,-0.10126561860536791,-0.07683636687148458
5266,2018-03-15 20:00:00,2.7000969480225963,0.092462245497174,-0.17824033898080058,-0.09012689355882576,-0.08811344542197481
5267,2018-03-15 22:00:00,2.6844422799999994,0.091931823312,-0.18340146841826607,-0.09572262408479068,-0.08767884433347539
5268,2018-03-16 00:00:00,2.6046400000000003,0.0908,-0.20971118612613066,-0.10766288305959135,-0.10204830306653931
5269,2018-03-16 02:00:00,2.619468414109602,0.0899615414946732,-0.20482246127667844,-0.11650826695218462,-0.08831419432449382
5270,2018-03-16 04:00:00,2.666175112574886,0.0915502250025714,-0.18942390309403026,-0.09974832543818679,-0.08967557765584347
5271,2018-03-16 06:00:00,2.6891740000032596,0.0924712900001121,-0.18184148520026236,-0.09003147786431377,-0.09181000733594859
5272,2018-03-16 08:00:00,2.67273072,0.09215184,-0.18726260919668372,-0.09340154074462191,-0.09386106845206181
5273,2018-03-16 10:00:00,2.6635544534994486,0.0933314335709078,-0.19028789846463004,-0.0809573256694256,-0.10933057279520444
5274,2018-03-16 12:00:00,2.744332795499948,0.094640906825136,-0.16365638649601827,-0.06714293466838593,-0.09651345182763234
5275,2018-03-16 14:00:00,2.7738439307389444,0.0960767987094,-0.1539269697753855,-0.05199488039511725,-0.10193208938026825
5276,2018-03-16 16:00:00,2.7413119999999997,0.09461239999999999,-0.16465230136031575,-0.06744366966038029,-0.09720863169993546
5277,2018-03-16 18:00:00,2.8167482,0.09385460000000001,-0.1397820203739323,-0.07543814031244232,-0.06434388006148999
5278,2018-03-16 20:00:00,2.8063842358160005,0.09274068691,-0.1431988772859836,-0.08718945399277112,-0.056009423293212485
5279,2018-03-16 22:00:00,2.7202386597299557,0.090019434668336,-0.17159989275327645,-0.11589751836706708,-0.05570237438620937
5280,2018-03-17 00:00:00,2.643116047256,0.08867878883000001,-0.19702616081332228,-0.13004076699386385,-0.06698539381945842
5281,2018-03-17 02:00:00,2.695175999783071,0.0913479999926476,-0.17986270815417418,-0.1018817140723235,-0.07798099408185068
5282,2018-03-17 04:00:00,2.67280125,0.0905205,-0.18723935642257836,-0.11061149027422769,-0.07662786614835067
5283,2018-03-17 06:00:00,2.665195,0.089816875,-0.18974703277362298,-0.11803443750642263,-0.07171259526720035
5284,2018-03-17 08:00:00,2.691630543034472,0.09103849925906099,-0.18103159663957935,-0.10514681638355329,-0.07588478025602606
5285,2018-03-17 10:00:00,2.640357065567232,0.089380273558752,-0.19793575925327483,-0.12264039872139397,-0.07529536053188086
5286,2018-03-17 12:00:00,2.5539506560384,0.08723337709531159,-0.22642276793089325,-0.1452892516773067,-0.08113351625358656
5287,2018-03-17 14:00:00,2.4955934435215408,0.0853363019152496,-0.24566234087964167,-0.16530259537189812,-0.08035974550774355
5288,2018-03-17 16:00:00,2.4740193435881426,0.0870230206952813,-0.2527750258687043,-0.14750842305038095,-0.10526660281832337
5289,2018-03-17 18:00:00,2.41125192,0.080073,-0.2734685849481442,-0.2208282125458308,-0.052640372402313396
5290,2018-03-17 20:00:00,2.45696976,0.08255520000000001,-0.2583960398452559,-0.19464204858099962,-0.06375399126425627
5291,2018-03-17 22:00:00,2.4319300000000004,0.08116899999999999,-0.26665130544760046,-0.20926587441616576,-0.0573854310314347
5292,2018-03-18 00:00:00,2.350115157408,0.07627242347999999,-0.2936245374518606,-0.2609226932136286,-0.032701844238232025
5293,2018-03-18 02:00:00,2.33790521748,0.074457531828,-0.297649987260258,-0.28006903532049954,-0.01758095193975845
5294,2018-03-18 04:00:00,2.307918008918256,0.07394820127978641,-0.3075363588289194,-0.2854422579648547,-0.022094100864064714
5295,2018-03-18 06:00:00,2.3416514978361755,0.0721558078284053,-0.29641488998452226,-0.3043512535362652,0.007936363551742931
5296,2018-03-18 08:00:00,2.301780450909,0.07212245412848199,-0.30955982756489,-0.3047031210147221,-0.0048567065501679
5297,2018-03-18 10:00:00,2.334422646884513,0.07135314046842099,-0.2987981430430874,-0.31281905592840414,0.01402091288531676
5298,2018-03-18 12:00:00,2.220029960002923,0.07434526000009789,-0.33651184370049725,-0.28125345579188615,-0.055258387908611095
5299,2018-03-18 14:00:00,2.136950872153329,0.06855107830370101,-0.3639018800346689,-0.3423796309364644,-0.021522249098204493
5300,2018-03-18 16:00:00,2.2247121,0.07174080000000001,-0.33496820633084073,-0.3087294112356084,-0.02623879509523236
5301,2018-03-18 18:00:00,2.221439892323456,0.07081058610567,-0.3360470083431564,-0.31854277581513046,-0.01750423252802591
5302,2018-03-18 20:00:00,2.471817872340415,0.08371517047183921,-0.25350082075914715,-0.18240484893151773,-0.07109597182762942
5303,2018-03-18 22:00:00,2.4872240000000003,0.087576,-0.2484216316721309,-0.14167472441911744,-0.10674690725301347
5304,2018-03-19 00:00:00,2.44102892002,0.08528401275599999,-0.2636515162539505,-0.16585422396656957,-0.09779729228738093
5305,2018-03-19 02:00:00,2.3895298170781003,0.0836609398977,-0.28063006449354533,-0.18297695863513402,-0.0976531058584113
5306,2018-03-19 04:00:00,2.4852431893203066,0.0870234459034896,-0.2490746777983251,-0.14750393728297234,-0.10157074051535275
5307,2018-03-19 06:00:00,2.4874423512900448,0.08710822989495098,-0.24834964424517747,-0.14660950190226138,-0.10174014234291609
5308,2018-03-19 08:00:00,2.435274068,0.08509617800000001,-0.26554881207177344,-0.16783580148607227,-0.09771301058570117
5309,2018-03-19 10:00:00,2.479424357405461,0.08697247611400741,-0.2509930669103793,-0.14804164708259906,-0.10295141982778025
5310,2018-03-19 12:00:00,2.5716243685464324,0.0879909970785667,-0.2205959872056271,-0.13729668012604138,-0.08329930707958572
5311,2018-03-19 14:00:00,2.4982282504730002,0.08769465605256249,-0.24479368114827035,-0.14042295306796887,-0.10437072808030148
5312,2018-03-19 16:00:00,2.4497363663642995,0.08705743343335999,-0.2607807905644727,-0.1471453831656789,-0.11363540739879377
5313,2018-03-19 18:00:00,2.46237470087921,0.0858335000306475,-0.25661410493362535,-0.16005736478096486,-0.0965567401526605
5314,2018-03-19 20:00:00,2.51141125,0.08500624999999999,-0.24044742692974072,-0.16878450398910577,-0.07166292294063495
5315,2018-03-19 22:00:00,2.59664705,0.08654055000000001,-0.21234635216591155,-0.1525982855654329,-0.059748066600478655
5316,2018-03-20 00:00:00,2.559271569255,0.084675255486,-0.22466853578769147,-0.17227635662590518,-0.05239217916178629
5317,2018-03-20 02:00:00,2.569990840085889,0.085898519496999,-0.22113453914505363,-0.159371436811105,-0.06176310233394863
5318,2018-03-20 04:00:00,2.586540652205008,0.0866646300751924,-0.21567829297048038,-0.15128929306130084,-0.06438899990917954
5319,2018-03-20 06:00:00,2.5002628650776098,0.08727885780270919,-0.24412289660562853,-0.14480944938049337,-0.09931344722513516
5320,2018-03-20 08:00:00,2.5495159434783443,0.08499231332270321,-0.22788483186654257,-0.16893153006146838,-0.05895330180507419
5321,2018-03-20 10:00:00,2.5902504,0.08767080000000001,-0.21445523997934265,-0.14067462436921568,-0.07378061561012697
5322,2018-03-20 12:00:00,2.5856342500061094,0.08685090000020519,-0.21597712134960456,-0.1493242238492705,-0.06665289750033407
5323,2018-03-20 14:00:00,2.671835920791046,0.0863474212628685,-0.1875576122290884,-0.15463571235491258,-0.03292189987417582
5324,2018-03-20 16:00:00,2.69951999659216,0.0903983998858822,-0.17843055195799784,-0.11189959502340716,-0.06653095693459068
5325,2018-03-20 18:00:00,2.7477904486919664,0.0918167399562924,-0.16251644563952017,-0.0969367049897066,-0.06557974064981356
5326,2018-03-20 20:00:00,2.824754608214,0.092316946806,-0.13714241734549418,-0.09165973351973045,-0.04548268382576373
5327,2018-03-20 22:00:00,2.692904982523551,0.0901130503689156,-0.1806114314112999,-0.11490991217696961,-0.06570151923433029
5328,2018-03-21 00:00:00,2.7062927532941954,0.09244764977092802,-0.17619766692094624,-0.09028087231986952,-0.08591679460107672
5329,2018-03-21 02:00:00,2.7536030836450487,0.0926841009061026,-0.1606000995808053,-0.08778641248772387,-0.07281368709308142
5330,2018-03-21 04:00:00,2.7629052376928747,0.09363168789898099,-0.15753330691431286,-0.07778976903979266,-0.0797435378745202
5331,2018-03-21 06:00:00,2.6924843,0.0926041,-0.18075012467218493,-0.08863038833356139,-0.09211973633862354
5332,2018-03-21 08:00:00,2.75585065,0.0928256,-0.15985910776542772,-0.0862936566768818,-0.07356545108854592
5333,2018-03-21 10:00:00,2.780998110375935,0.0916991973383148,-0.15156833482559992,-0.09817673007520208,-0.053391604750397836
5334,2018-03-21 12:00:00,2.718015301698571,0.09108099005691928,-0.1723329034162456,-0.10469855637238837,-0.06763434704385723
5335,2018-03-21 14:00:00,2.775448710993858,0.0927288539997948,-0.15339789572524645,-0.08731428620887549,-0.06608360951637096
5336,2018-03-21 16:00:00,2.72463562162687,0.09025836182086999,-0.1701502746937416,-0.11337693759520939,-0.05677333709853222
5337,2018-03-21 18:00:00,2.7865995000031494,0.0907125000001025,-0.14972163345486497,-0.10858597118473788,-0.04113566227012709
5338,2018-03-21 20:00:00,2.784367560944596,0.09115648003092483,-0.15045747316485436,-0.10390216895920236,-0.046555304205652
5339,2018-03-21 22:00:00,2.7645967510988894,0.0895913517252032,-0.15697563813327908,-0.120413613016742,-0.036562025116537084
5340,2018-03-22 00:00:00,2.870661,0.092865,-0.12200770930361478,-0.08587800328061454,-0.03612970602300024
